   1.1000000e+03   4.3667570e+00   1.4019495e-01
   1.0990000e+03   4.3671667e+00   1.4052807e-01
   1.0980000e+03   4.3675810e+00   1.4086267e-01
   1.0970000e+03   4.3680000e+00   1.4120000e-01
   1.0960000e+03   4.3684239e+00   1.4154080e-01
   1.0950000e+03   4.3688528e+00   1.4188381e-01
   1.0940000e+03   4.3692867e+00   1.4222730e-01
   1.0930000e+03   4.3697257e+00   1.4256950e-01
   1.0920000e+03   4.3701699e+00   1.4290867e-01
   1.0910000e+03   4.3706194e+00   1.4324305e-01
   1.0900000e+03   4.3710742e+00   1.4357091e-01
   1.0890000e+03   4.3715344e+00   1.4389047e-01
   1.0880000e+03   4.3720000e+00   1.4420000e-01
   1.0870000e+03   4.3724712e+00   1.4449838e-01
   1.0860000e+03   4.3729481e+00   1.4478708e-01
   1.0850000e+03   4.3734311e+00   1.4506819e-01
   1.0840000e+03   4.3739203e+00   1.4534382e-01
   1.0830000e+03   4.3744160e+00   1.4561606e-01
   1.0820000e+03   4.3749184e+00   1.4588702e-01
   1.0810000e+03   4.3754277e+00   1.4615879e-01
   1.0800000e+03   4.3759443e+00   1.4643348e-01
   1.0790000e+03   4.3764683e+00   1.4671318e-01
   1.0780000e+03   4.3770000e+00   1.4700000e-01
   1.0770000e+03   4.3775394e+00   1.4729542e-01
   1.0760000e+03   4.3780855e+00   1.4759847e-01
   1.0750000e+03   4.3786373e+00   1.4790757e-01
   1.0740000e+03   4.3791934e+00   1.4822111e-01
   1.0730000e+03   4.3797529e+00   1.4853751e-01
   1.0720000e+03   4.3803144e+00   1.4885520e-01
   1.0710000e+03   4.3808769e+00   1.4917256e-01
   1.0700000e+03   4.3814391e+00   1.4948803e-01
   1.0690000e+03   4.3820000e+00   1.4980000e-01
   1.0680000e+03   4.3825586e+00   1.5010732e-01
   1.0670000e+03   4.3831152e+00   1.5041054e-01
   1.0660000e+03   4.3836703e+00   1.5071062e-01
   1.0650000e+03   4.3842245e+00   1.5100856e-01
   1.0640000e+03   4.3847782e+00   1.5130531e-01
   1.0630000e+03   4.3853321e+00   1.5160185e-01
   1.0620000e+03   4.3858867e+00   1.5189917e-01
   1.0610000e+03   4.3864425e+00   1.5219822e-01
   1.0600000e+03   4.3870000e+00   1.5250000e-01
   1.0590000e+03   4.3875595e+00   1.5280520e-01
   1.0580000e+03   4.3881204e+00   1.5311342e-01
   1.0570000e+03   4.3886816e+00   1.5342401e-01
   1.0560000e+03   4.3892420e+00   1.5373630e-01
   1.0550000e+03   4.3898009e+00   1.5404963e-01
   1.0540000e+03   4.3903571e+00   1.5436332e-01
   1.0530000e+03   4.3909097e+00   1.5467673e-01
   1.0520000e+03   4.3914576e+00   1.5498917e-01
   1.0510000e+03   4.3920000e+00   1.5530000e-01
   1.0500000e+03   4.3925365e+00   1.5560866e-01
   1.0490000e+03   4.3930699e+00   1.5591506e-01
   1.0480000e+03   4.3936035e+00   1.5621926e-01
   1.0470000e+03   4.3941407e+00   1.5652128e-01
   1.0460000e+03   4.3946849e+00   1.5682116e-01
   1.0450000e+03   4.3952396e+00   1.5711893e-01
   1.0440000e+03   4.3958080e+00   1.5741464e-01
   1.0430000e+03   4.3963937e+00   1.5770832e-01
   1.0420000e+03   4.3970000e+00   1.5800000e-01
   1.0410000e+03   4.3976290e+00   1.5828994e-01
   1.0400000e+03   4.3982777e+00   1.5857927e-01
   1.0390000e+03   4.3989416e+00   1.5886932e-01
   1.0380000e+03   4.3996163e+00   1.5916144e-01
   1.0370000e+03   4.4002976e+00   1.5945697e-01
   1.0360000e+03   4.4009810e+00   1.5975725e-01
   1.0350000e+03   4.4016621e+00   1.6006362e-01
   1.0340000e+03   4.4023366e+00   1.6037742e-01
   1.0330000e+03   4.4030000e+00   1.6070000e-01
   1.0320000e+03   4.4036492e+00   1.6103200e-01
   1.0310000e+03   4.4042859e+00   1.6137127e-01
   1.0300000e+03   4.4049128e+00   1.6171495e-01
   1.0290000e+03   4.4055328e+00   1.6206021e-01
   1.0280000e+03   4.4061487e+00   1.6240420e-01
   1.0270000e+03   4.4067633e+00   1.6274405e-01
   1.0260000e+03   4.4073795e+00   1.6307694e-01
   1.0250000e+03   4.4080000e+00   1.6340000e-01
   1.0240000e+03   4.4086274e+00   1.6371136e-01
   1.0230000e+03   4.4092628e+00   1.6401299e-01
   1.0220000e+03   4.4099070e+00   1.6430786e-01
   1.0210000e+03   4.4105607e+00   1.6459890e-01
   1.0200000e+03   4.4112248e+00   1.6488907e-01
   1.0190000e+03   4.4119000e+00   1.6518131e-01
   1.0180000e+03   4.4125870e+00   1.6547858e-01
   1.0170000e+03   4.4132868e+00   1.6578383e-01
   1.0160000e+03   4.4140000e+00   1.6610000e-01
   1.0150000e+03   4.4147269e+00   1.6642911e-01
   1.0140000e+03   4.4154655e+00   1.6676947e-01
   1.0130000e+03   4.4162132e+00   1.6711842e-01
   1.0120000e+03   4.4169675e+00   1.6747334e-01
   1.0110000e+03   4.4177259e+00   1.6783160e-01
   1.0100000e+03   4.4184858e+00   1.6819055e-01
   1.0090000e+03   4.4192447e+00   1.6854756e-01
   1.0080000e+03   4.4200000e+00   1.6890000e-01
   1.0070000e+03   4.4207498e+00   1.6924587e-01
   1.0060000e+03   4.4214946e+00   1.6958574e-01
   1.0050000e+03   4.4222357e+00   1.6992083e-01
   1.0040000e+03   4.4229742e+00   1.7025234e-01
   1.0030000e+03   4.4237113e+00   1.7058150e-01
   1.0020000e+03   4.4244481e+00   1.7090951e-01
   1.0010000e+03   4.4251859e+00   1.7123759e-01
   1.0000000e+03   4.4259258e+00   1.7156695e-01
   9.9900000e+02   4.4266689e+00   1.7189861e-01
   9.9800000e+02   4.4274149e+00   1.7223258e-01
   9.9700000e+02   4.4281633e+00   1.7256853e-01
   9.9600000e+02   4.4289137e+00   1.7290610e-01
   9.9500000e+02   4.4296656e+00   1.7324497e-01
   9.9400000e+02   4.4304184e+00   1.7358479e-01
   9.9300000e+02   4.4311716e+00   1.7392522e-01
   9.9200000e+02   4.4319247e+00   1.7426593e-01
   9.9100000e+02   4.4326774e+00   1.7460663e-01
   9.9000000e+02   4.4334303e+00   1.7494736e-01
   9.8900000e+02   4.4341842e+00   1.7528825e-01
   9.8800000e+02   4.4349400e+00   1.7562944e-01
   9.8700000e+02   4.4356986e+00   1.7597108e-01
   9.8600000e+02   4.4364609e+00   1.7631329e-01
   9.8500000e+02   4.4372277e+00   1.7665622e-01
   9.8400000e+02   4.4380000e+00   1.7700000e-01
   9.8300000e+02   4.4387781e+00   1.7734479e-01
   9.8200000e+02   4.4395604e+00   1.7769084e-01
   9.8100000e+02   4.4403449e+00   1.7803840e-01
   9.8000000e+02   4.4411296e+00   1.7838774e-01
   9.7900000e+02   4.4419123e+00   1.7873910e-01
   9.7800000e+02   4.4426910e+00   1.7909277e-01
   9.7700000e+02   4.4434638e+00   1.7944899e-01
   9.7600000e+02   4.4442285e+00   1.7980802e-01
   9.7500000e+02   4.4449856e+00   1.8016976e-01
   9.7400000e+02   4.4457403e+00   1.8053351e-01
   9.7300000e+02   4.4464977e+00   1.8089851e-01
   9.7200000e+02   4.4472634e+00   1.8126399e-01
   9.7100000e+02   4.4480426e+00   1.8162919e-01
   9.7000000e+02   4.4488407e+00   1.8199336e-01
   9.6900000e+02   4.4496630e+00   1.8235573e-01
   9.6800000e+02   4.4505147e+00   1.8271560e-01
   9.6700000e+02   4.4513959e+00   1.8307331e-01
   9.6600000e+02   4.4523030e+00   1.8342996e-01
   9.6500000e+02   4.4532324e+00   1.8378669e-01
   9.6400000e+02   4.4541802e+00   1.8414464e-01
   9.6300000e+02   4.4551430e+00   1.8450493e-01
   9.6200000e+02   4.4561169e+00   1.8486870e-01
   9.6100000e+02   4.4570984e+00   1.8523708e-01
   9.6000000e+02   4.4580832e+00   1.8561064e-01
   9.5900000e+02   4.4590658e+00   1.8598827e-01
   9.5800000e+02   4.4600404e+00   1.8636855e-01
   9.5700000e+02   4.4610011e+00   1.8675006e-01
   9.5600000e+02   4.4619421e+00   1.8713139e-01
   9.5500000e+02   4.4628576e+00   1.8751111e-01
   9.5400000e+02   4.4637417e+00   1.8788780e-01
   9.5300000e+02   4.4645897e+00   1.8826021e-01
   9.5200000e+02   4.4654075e+00   1.8862890e-01
   9.5100000e+02   4.4662072e+00   1.8899546e-01
   9.5000000e+02   4.4670010e+00   1.8936151e-01
   9.4900000e+02   4.4678013e+00   1.8972866e-01
   9.4800000e+02   4.4686202e+00   1.9009853e-01
   9.4700000e+02   4.4694701e+00   1.9047273e-01
   9.4600000e+02   4.4703630e+00   1.9085284e-01
   9.4500000e+02   4.4713012e+00   1.9123925e-01
   9.4400000e+02   4.4722748e+00   1.9163075e-01
   9.4300000e+02   4.4732729e+00   1.9202603e-01
   9.4200000e+02   4.4742847e+00   1.9242380e-01
   9.4100000e+02   4.4752994e+00   1.9282276e-01
   9.4000000e+02   4.4763060e+00   1.9322159e-01
   9.3900000e+02   4.4772938e+00   1.9361900e-01
   9.3800000e+02   4.4782599e+00   1.9401440e-01
   9.3700000e+02   4.4792145e+00   1.9440833e-01
   9.3600000e+02   4.4801691e+00   1.9480146e-01
   9.3500000e+02   4.4811353e+00   1.9519448e-01
   9.3400000e+02   4.4821245e+00   1.9558805e-01
   9.3300000e+02   4.4831483e+00   1.9598284e-01
   9.3200000e+02   4.4842182e+00   1.9637952e-01
   9.3100000e+02   4.4853382e+00   1.9677858e-01
   9.3000000e+02   4.4864959e+00   1.9718008e-01
   9.2900000e+02   4.4876764e+00   1.9758402e-01
   9.2800000e+02   4.4888651e+00   1.9799042e-01
   9.2700000e+02   4.4900472e+00   1.9839928e-01
   9.2600000e+02   4.4912080e+00   1.9881060e-01
   9.2500000e+02   4.4923328e+00   1.9922440e-01
   9.2400000e+02   4.4934147e+00   1.9964056e-01
   9.2300000e+02   4.4944598e+00   2.0005877e-01
   9.2200000e+02   4.4954753e+00   2.0047873e-01
   9.2100000e+02   4.4964686e+00   2.0090010e-01
   9.2000000e+02   4.4974471e+00   2.0132257e-01
   9.1900000e+02   4.4984180e+00   2.0174582e-01
   9.1800000e+02   4.4993887e+00   2.0216952e-01
   9.1700000e+02   4.5003659e+00   2.0259360e-01
   9.1600000e+02   4.5013553e+00   2.0301827e-01
   9.1500000e+02   4.5023628e+00   2.0344378e-01
   9.1400000e+02   4.5033939e+00   2.0387037e-01
   9.1300000e+02   4.5044546e+00   2.0429827e-01
   9.1200000e+02   4.5055505e+00   2.0472773e-01
   9.1100000e+02   4.5066868e+00   2.0515898e-01
   9.1000000e+02   4.5078611e+00   2.0559230e-01
   9.0900000e+02   4.5090648e+00   2.0602797e-01
   9.0800000e+02   4.5102892e+00   2.0646629e-01
   9.0700000e+02   4.5115257e+00   2.0690754e-01
   9.0600000e+02   4.5127655e+00   2.0735201e-01
   9.0500000e+02   4.5140000e+00   2.0780000e-01
   9.0400000e+02   4.5152226e+00   2.0825156e-01
   9.0300000e+02   4.5164353e+00   2.0870585e-01
   9.0200000e+02   4.5176421e+00   2.0916178e-01
   9.0100000e+02   4.5188470e+00   2.0961827e-01
   9.0000000e+02   4.5200541e+00   2.1007423e-01
   8.9900000e+02   4.5212674e+00   2.1052860e-01
   8.9800000e+02   4.5224908e+00   2.1098031e-01
   8.9700000e+02   4.5237258e+00   2.1142952e-01
   8.9600000e+02   4.5249704e+00   2.1187794e-01
   8.9500000e+02   4.5262223e+00   2.1232739e-01
   8.9400000e+02   4.5274794e+00   2.1277967e-01
   8.9300000e+02   4.5287393e+00   2.1323660e-01
   8.9200000e+02   4.5300000e+00   2.1370000e-01
   8.9100000e+02   4.5312594e+00   2.1417115e-01
   8.9000000e+02   4.5325165e+00   2.1464921e-01
   8.8900000e+02   4.5337705e+00   2.1513281e-01
   8.8800000e+02   4.5350206e+00   2.1562057e-01
   8.8700000e+02   4.5362659e+00   2.1611113e-01
   8.8600000e+02   4.5375058e+00   2.1660312e-01
   8.8500000e+02   4.5387397e+00   2.1709521e-01
   8.8400000e+02   4.5399721e+00   2.1758696e-01
   8.8300000e+02   4.5412116e+00   2.1807856e-01
   8.8200000e+02   4.5424667e+00   2.1857026e-01
   8.8100000e+02   4.5437459e+00   2.1906226e-01
   8.8000000e+02   4.5450577e+00   2.1955479e-01
   8.7900000e+02   4.5464107e+00   2.2004808e-01
   8.7800000e+02   4.5478071e+00   2.2054248e-01
   8.7700000e+02   4.5492392e+00   2.2103854e-01
   8.7600000e+02   4.5506983e+00   2.2153685e-01
   8.7500000e+02   4.5521754e+00   2.2203798e-01
   8.7400000e+02   4.5536617e+00   2.2254252e-01
   8.7300000e+02   4.5551484e+00   2.2305105e-01
   8.7200000e+02   4.5566293e+00   2.2356403e-01
   8.7100000e+02   4.5581050e+00   2.2408163e-01
   8.7000000e+02   4.5595777e+00   2.2460393e-01
   8.6900000e+02   4.5610497e+00   2.2513103e-01
   8.6800000e+02   4.5625231e+00   2.2566302e-01
   8.6700000e+02   4.5640000e+00   2.2620000e-01
   8.6600000e+02   4.5654824e+00   2.2674191e-01
   8.6500000e+02   4.5669711e+00   2.2728812e-01
   8.6400000e+02   4.5684667e+00   2.2783782e-01
   8.6300000e+02   4.5699696e+00   2.2839023e-01
   8.6200000e+02   4.5714806e+00   2.2894455e-01
   8.6100000e+02   4.5730000e+00   2.2950000e-01
   8.6000000e+02   4.5745277e+00   2.3005599e-01
   8.5900000e+02   4.5760601e+00   2.3061275e-01
   8.5800000e+02   4.5775929e+00   2.3117075e-01
   8.5700000e+02   4.5791217e+00   2.3173041e-01
   8.5600000e+02   4.5806422e+00   2.3229220e-01
   8.5500000e+02   4.5821501e+00   2.3285656e-01
   8.5400000e+02   4.5836447e+00   2.3342392e-01
   8.5300000e+02   4.5851364e+00   2.3399463e-01
   8.5200000e+02   4.5866379e+00   2.3456903e-01
   8.5100000e+02   4.5881616e+00   2.3514749e-01
   8.5000000e+02   4.5897199e+00   2.3573033e-01
   8.4900000e+02   4.5913255e+00   2.3631791e-01
   8.4800000e+02   4.5929839e+00   2.3691047e-01
   8.4700000e+02   4.5946860e+00   2.3750801e-01
   8.4600000e+02   4.5964204e+00   2.3811051e-01
   8.4500000e+02   4.5981758e+00   2.3871793e-01
   8.4400000e+02   4.5999410e+00   2.3933026e-01
   8.4300000e+02   4.6017046e+00   2.3994747e-01
   8.4200000e+02   4.6034615e+00   2.4056953e-01
   8.4100000e+02   4.6052139e+00   2.4119647e-01
   8.4000000e+02   4.6069646e+00   2.4182828e-01
   8.3900000e+02   4.6087164e+00   2.4246498e-01
   8.3800000e+02   4.6104721e+00   2.4310657e-01
   8.3700000e+02   4.6122344e+00   2.4375307e-01
   8.3600000e+02   4.6140047e+00   2.4440467e-01
   8.3500000e+02   4.6157838e+00   2.4506166e-01
   8.3400000e+02   4.6175725e+00   2.4572431e-01
   8.3300000e+02   4.6193715e+00   2.4639292e-01
   8.3200000e+02   4.6211815e+00   2.4706777e-01
   8.3100000e+02   4.6230020e+00   2.4774889e-01
   8.3000000e+02   4.6248280e+00   2.4843556e-01
   8.2900000e+02   4.6266536e+00   2.4912690e-01
   8.2800000e+02   4.6284734e+00   2.4982204e-01
   8.2700000e+02   4.6302814e+00   2.5052013e-01
   8.2600000e+02   4.6320727e+00   2.5122036e-01
   8.2500000e+02   4.6338540e+00   2.5192285e-01
   8.2400000e+02   4.6356409e+00   2.5262843e-01
   8.2300000e+02   4.6374491e+00   2.5333796e-01
   8.2200000e+02   4.6392944e+00   2.5405229e-01
   8.2100000e+02   4.6411926e+00   2.5477228e-01
   8.2000000e+02   4.6431530e+00   2.5549863e-01
   8.1900000e+02   4.6451652e+00   2.5623161e-01
   8.1800000e+02   4.6472154e+00   2.5697143e-01
   8.1700000e+02   4.6492898e+00   2.5771828e-01
   8.1600000e+02   4.6513746e+00   2.5847234e-01
   8.1500000e+02   4.6534569e+00   2.5923374e-01
   8.1400000e+02   4.6555333e+00   2.6000167e-01
   8.1300000e+02   4.6576065e+00   2.6077483e-01
   8.1200000e+02   4.6596790e+00   2.6155189e-01
   8.1100000e+02   4.6617534e+00   2.6233153e-01
   8.1000000e+02   4.6638322e+00   2.6311246e-01
   8.0900000e+02   4.6659150e+00   2.6389486e-01
   8.0800000e+02   4.6679979e+00   2.6468078e-01
   8.0700000e+02   4.6700766e+00   2.6547240e-01
   8.0600000e+02   4.6721471e+00   2.6627190e-01
   8.0500000e+02   4.6742051e+00   2.6708147e-01
   8.0400000e+02   4.6762525e+00   2.6790285e-01
   8.0300000e+02   4.6783094e+00   2.6873644e-01
   8.0200000e+02   4.6803994e+00   2.6958241e-01
   8.0100000e+02   4.6825458e+00   2.7044093e-01
   8.0000000e+02   4.6847721e+00   2.7131217e-01
   7.9900000e+02   4.6870933e+00   2.7219600e-01
   7.9800000e+02   4.6894785e+00   2.7309067e-01
   7.9700000e+02   4.6918812e+00   2.7399392e-01
   7.9600000e+02   4.6942550e+00   2.7490346e-01
   7.9500000e+02   4.6965534e+00   2.7581701e-01
   7.9400000e+02   4.6987394e+00   2.7673255e-01
   7.9300000e+02   4.7008445e+00   2.7764997e-01
   7.9200000e+02   4.7029311e+00   2.7857000e-01
   7.9100000e+02   4.7050617e+00   2.7949338e-01
   7.9000000e+02   4.7072988e+00   2.8042085e-01
   7.8900000e+02   4.7096981e+00   2.8135333e-01
   7.8800000e+02   4.7122453e+00   2.8229358e-01
   7.8700000e+02   4.7148847e+00   2.8324546e-01
   7.8600000e+02   4.7175603e+00   2.8421285e-01
   7.8500000e+02   4.7202157e+00   2.8519961e-01
   7.8400000e+02   4.7227991e+00   2.8620907e-01
   7.8300000e+02   4.7253030e+00   2.8723871e-01
   7.8200000e+02   4.7277461e+00   2.8828261e-01
   7.8100000e+02   4.7301472e+00   2.8933482e-01
   7.8000000e+02   4.7325254e+00   2.9038934e-01
   7.7900000e+02   4.7348998e+00   2.9144116e-01
   7.7800000e+02   4.7372893e+00   2.9249221e-01
   7.7700000e+02   4.7397131e+00   2.9354751e-01
   7.7600000e+02   4.7421904e+00   2.9461213e-01
   7.7500000e+02   4.7447403e+00   2.9569112e-01
   7.7400000e+02   4.7473758e+00   2.9678851e-01
   7.7300000e+02   4.7500773e+00   2.9790288e-01
   7.7200000e+02   4.7528139e+00   2.9903090e-01
   7.7100000e+02   4.7555549e+00   3.0016930e-01
   7.7000000e+02   4.7582694e+00   3.0131477e-01
   7.6900000e+02   4.7609417e+00   3.0246529e-01
   7.6800000e+02   4.7636004e+00   3.0362257e-01
   7.6700000e+02   4.7662824e+00   3.0478905e-01
   7.6600000e+02   4.7690247e+00   3.0596713e-01
   7.6500000e+02   4.7718639e+00   3.0715924e-01
   7.6400000e+02   4.7748072e+00   3.0836714e-01
   7.6300000e+02   4.7778128e+00   3.0959145e-01
   7.6200000e+02   4.7808337e+00   3.1083272e-01
   7.6100000e+02   4.7838234e+00   3.1209148e-01
   7.6000000e+02   4.7867379e+00   3.1336812e-01
   7.5900000e+02   4.7895778e+00   3.1466081e-01
   7.5800000e+02   4.7923778e+00   3.1596606e-01
   7.5700000e+02   4.7951733e+00   3.1728031e-01
   7.5600000e+02   4.7980000e+00   3.1860000e-01
   7.5500000e+02   4.8008892e+00   3.1992322e-01
   7.5400000e+02   4.8038552e+00   3.2125464e-01
   7.5300000e+02   4.8069083e+00   3.2260058e-01
   7.5200000e+02   4.8100588e+00   3.2396733e-01
   7.5100000e+02   4.8133160e+00   3.2536108e-01
   7.5000000e+02   4.8166618e+00   3.2678270e-01
   7.4900000e+02   4.8200419e+00   3.2822620e-01
   7.4800000e+02   4.8233998e+00   3.2968511e-01
   7.4700000e+02   4.8266786e+00   3.3115297e-01
   7.4600000e+02   4.8298368e+00   3.3262462e-01
   7.4500000e+02   4.8329130e+00   3.3410195e-01
   7.4400000e+02   4.8359731e+00   3.3558919e-01
   7.4300000e+02   4.8390829e+00   3.3709059e-01
   7.4200000e+02   4.8423070e+00   3.3861036e-01
   7.4100000e+02   4.8456608e+00   3.4015099e-01
   7.4000000e+02   4.8490960e+00   3.4171273e-01
   7.3900000e+02   4.8525599e+00   3.4329569e-01
   7.3800000e+02   4.8560000e+00   3.4490000e-01
   7.3700000e+02   4.8593809e+00   3.4652558e-01
   7.3600000e+02   4.8627370e+00   3.4817165e-01
   7.3500000e+02   4.8661201e+00   3.4983723e-01
   7.3400000e+02   4.8695817e+00   3.5152137e-01
   7.3300000e+02   4.8731698e+00   3.5322321e-01
   7.3200000e+02   4.8768731e+00   3.5494368e-01
   7.3100000e+02   4.8806348e+00   3.5668506e-01
   7.3000000e+02   4.8843970e+00   3.5844969e-01
   7.2900000e+02   4.8881024e+00   3.6023984e-01
   7.2800000e+02   4.8917240e+00   3.6205471e-01
   7.2700000e+02   4.8952866e+00   3.6388826e-01
   7.2600000e+02   4.8988201e+00   3.6573393e-01
   7.2500000e+02   4.9023543e+00   3.6758519e-01
   7.2400000e+02   4.9059211e+00   3.6943927e-01
   7.2300000e+02   4.9095584e+00   3.7130462e-01
   7.2200000e+02   4.9133050e+00   3.7319178e-01
   7.2100000e+02   4.9171998e+00   3.7511129e-01
   7.2000000e+02   4.9212702e+00   3.7707230e-01
   7.1900000e+02   4.9254572e+00   3.7907376e-01
   7.1800000e+02   4.9296635e+00   3.8111005e-01
   7.1700000e+02   4.9337915e+00   3.8317552e-01
   7.1600000e+02   4.9377557e+00   3.8526467e-01
   7.1500000e+02   4.9415966e+00   3.8737373e-01
   7.1400000e+02   4.9454289e+00   3.8949991e-01
   7.1300000e+02   4.9493683e+00   3.9164041e-01
   7.1200000e+02   4.9535226e+00   3.9379285e-01
   7.1100000e+02   4.9578813e+00   3.9596069e-01
   7.1000000e+02   4.9623427e+00   3.9815186e-01
   7.0900000e+02   4.9668029e+00   4.0037443e-01
   7.0800000e+02   4.9711616e+00   4.0263609e-01
   7.0700000e+02   4.9754054e+00   4.0493646e-01
   7.0600000e+02   4.9796073e+00   4.0726700e-01
   7.0500000e+02   4.9838443e+00   4.0961885e-01
   7.0400000e+02   4.9881906e+00   4.1198348e-01
   7.0300000e+02   4.9926570e+00   4.1436007e-01
   7.0200000e+02   4.9971914e+00   4.1675554e-01
   7.0100000e+02   5.0017387e+00   4.1917714e-01
   7.0000000e+02   5.0062461e+00   4.2163193e-01
   6.9900000e+02   5.0107108e+00   4.2412285e-01
   6.9800000e+02   5.0151800e+00   4.2664871e-01
   6.9700000e+02   5.0197029e+00   4.2920813e-01
   6.9600000e+02   5.0243280e+00   4.3179988e-01
   6.9500000e+02   5.0290795e+00   4.3442594e-01
   6.9400000e+02   5.0339580e+00   4.3709154e-01
   6.9300000e+02   5.0389628e+00   4.3980203e-01
   6.9200000e+02   5.0440921e+00   4.4256239e-01
   6.9100000e+02   5.0493232e+00   4.4537187e-01
   6.9000000e+02   5.0546177e+00   4.4822530e-01
   6.8900000e+02   5.0599367e+00   4.5111740e-01
   6.8800000e+02   5.0652443e+00   4.5404321e-01
   6.8700000e+02   5.0705266e+00   4.5700004e-01
   6.8600000e+02   5.0757798e+00   4.5998619e-01
   6.8500000e+02   5.0810000e+00   4.6300000e-01
   6.8400000e+02   5.0861930e+00   4.6604207e-01
   6.8300000e+02   5.0914034e+00   4.6912210e-01
   6.8200000e+02   5.0966858e+00   4.7225205e-01
   6.8100000e+02   5.1020943e+00   4.7544387e-01
   6.8000000e+02   5.1076564e+00   4.7870362e-01
   6.7900000e+02   5.1133391e+00   4.8202425e-01
   6.7800000e+02   5.1191016e+00   4.8539691e-01
   6.7700000e+02   5.1249048e+00   4.8881320e-01
   6.7600000e+02   5.1307520e+00   4.9227429e-01
   6.7500000e+02   5.1366893e+00   4.9579094e-01
   6.7400000e+02   5.1427643e+00   4.9937433e-01
   6.7300000e+02   5.1490144e+00   5.0303458e-01
   6.7200000e+02   5.1554002e+00   5.0677393e-01
   6.7100000e+02   5.1618476e+00   5.1059110e-01
   6.7000000e+02   5.1682826e+00   5.1448479e-01
   6.6900000e+02   5.1746650e+00   5.1845083e-01
   6.6800000e+02   5.1810304e+00   5.2247872e-01
   6.6700000e+02   5.1874243e+00   5.2655707e-01
   6.6600000e+02   5.1938913e+00   5.3067616e-01
   6.6500000e+02   5.2004627e+00   5.3485064e-01
   6.6400000e+02   5.2071588e+00   5.3911394e-01
   6.6300000e+02   5.2140000e+00   5.4350000e-01
   6.6200000e+02   5.2209977e+00   5.4803323e-01
   6.6100000e+02   5.2281279e+00   5.5270001e-01
   6.6000000e+02   5.2353578e+00   5.5747722e-01
   6.5900000e+02   5.2426559e+00   5.6234222e-01
   6.5800000e+02   5.2500160e+00   5.6728395e-01
   6.5700000e+02   5.2574572e+00   5.7230288e-01
   6.5600000e+02   5.2650000e+00   5.7740000e-01
   6.5500000e+02   5.2726532e+00   5.8258165e-01
   6.5400000e+02   5.2803797e+00   5.8787567e-01
   6.5300000e+02   5.2881306e+00   5.9331525e-01
   6.5200000e+02   5.2958615e+00   5.9893313e-01
   6.5100000e+02   5.3036246e+00   6.0475149e-01
   6.5000000e+02   5.3115688e+00   6.1078197e-01
   6.4900000e+02   5.3198472e+00   6.1703573e-01
   6.4800000e+02   5.3285254e+00   6.2350626e-01
   6.4700000e+02   5.3374092e+00   6.3013455e-01
   6.4600000e+02   5.3462563e+00   6.3685189e-01
   6.4500000e+02   5.3548628e+00   6.4360378e-01
   6.4400000e+02   5.3633079e+00   6.5044067e-01
   6.4300000e+02   5.3717982e+00   6.5746008e-01
   6.4200000e+02   5.3805364e+00   6.6475795e-01
   6.4100000e+02   5.3895713e+00   6.7235982e-01
   6.4000000e+02   5.3987510e+00   6.8019984e-01
   6.3900000e+02   5.4079104e+00   6.8820608e-01
   6.3800000e+02   5.4169522e+00   6.9634335e-01
   6.3700000e+02   5.4259814e+00   7.0468572e-01
   6.3600000e+02   5.4351402e+00   7.1332744e-01
   6.3500000e+02   5.4445526e+00   7.2234843e-01
   6.3400000e+02   5.4542083e+00   7.3172267e-01
   6.3300000e+02   5.4640364e+00   7.4137662e-01
   6.3200000e+02   5.4739676e+00   7.5124111e-01
   6.3100000e+02   5.4839574e+00   7.6131531e-01
   6.3000000e+02   5.4939805e+00   7.7165098e-01
   6.2900000e+02   5.5040122e+00   7.8230020e-01
   6.2800000e+02   5.5140329e+00   7.9327340e-01
   6.2700000e+02   5.5240292e+00   8.0452699e-01
   6.2600000e+02   5.5339883e+00   8.1601398e-01
   6.2500000e+02   5.5439228e+00   8.2773913e-01
   6.2400000e+02   5.5539013e+00   8.3982256e-01
   6.2300000e+02   5.5640000e+00   8.5240000e-01
   6.2200000e+02   5.5742652e+00   8.6556369e-01
   6.2100000e+02   5.5846231e+00   8.7923186e-01
   6.2000000e+02   5.5949699e+00   8.9327923e-01
   6.1900000e+02   5.6052314e+00   9.0761674e-01
   6.1800000e+02   5.6154924e+00   9.2235125e-01
   6.1700000e+02   5.6258914e+00   9.3765555e-01
   6.1600000e+02   5.6365346e+00   9.5368028e-01
   6.1500000e+02   5.6472884e+00   9.7041185e-01
   6.1400000e+02   5.6579121e+00   9.8776309e-01
   6.1300000e+02   5.6681982e+00   1.0056573e+00
   6.1200000e+02   5.6781880e+00   1.0240972e+00
   6.1100000e+02   5.6880344e+00   1.0431216e+00
   6.1000000e+02   5.6978650e+00   1.0627619e+00
   6.0900000e+02   5.7076156e+00   1.0829968e+00
   6.0800000e+02   5.7171366e+00   1.1037812e+00
   6.0700000e+02   5.7262907e+00   1.1250990e+00
   6.0600000e+02   5.7350374e+00   1.1471507e+00
   6.0500000e+02   5.7433798e+00   1.1702335e+00
   6.0400000e+02   5.7513060e+00   1.1945914e+00
   6.0300000e+02   5.7586952e+00   1.2200714e+00
   6.0200000e+02   5.7653772e+00   1.2463422e+00
   6.0100000e+02   5.7711976e+00   1.2731443e+00
   6.0000000e+02   5.7760859e+00   1.3006091e+00
   5.9900000e+02   5.7800000e+00   1.3290000e+00
   5.9800000e+02   5.7828793e+00   1.3584571e+00
   5.9700000e+02   5.7845887e+00   1.3886282e+00
   5.9600000e+02   5.7849747e+00   1.4190384e+00
   5.9500000e+02   5.7838996e+00   1.4494077e+00
   5.9400000e+02   5.7812731e+00   1.4800365e+00
   5.9300000e+02   5.7770136e+00   1.5113307e+00
   5.9200000e+02   5.7710622e+00   1.5434070e+00
   5.9100000e+02   5.7634094e+00   1.5757368e+00
   5.9000000e+02   5.7540538e+00   1.6077089e+00
   5.8900000e+02   5.7430360e+00   1.6389098e+00
   5.8800000e+02   5.7304508e+00   1.6691823e+00
   5.8700000e+02   5.7163891e+00   1.6983945e+00
   5.8600000e+02   5.7008246e+00   1.7265345e+00
   5.8500000e+02   5.6836413e+00   1.7536823e+00
   5.8400000e+02   5.6647582e+00   1.7798797e+00
   5.8300000e+02   5.6443708e+00   1.8048684e+00
   5.8200000e+02   5.6227986e+00   1.8282555e+00
   5.8100000e+02   5.6003979e+00   1.8497323e+00
   5.8000000e+02   5.5776327e+00   1.8692422e+00
   5.7900000e+02   5.5549806e+00   1.8867769e+00
   5.7800000e+02   5.5326678e+00   1.9023852e+00
   5.7700000e+02   5.5105939e+00   1.9161907e+00
   5.7600000e+02   5.4886612e+00   1.9283206e+00
   5.7500000e+02   5.4670273e+00   1.9388886e+00
   5.7400000e+02   5.4460000e+00   1.9480000e+00
   5.7300000e+02   5.4258670e+00   1.9557814e+00
   5.7200000e+02   5.4068266e+00   1.9624435e+00
   5.7100000e+02   5.3890517e+00   1.9682170e+00
   5.7000000e+02   5.3725949e+00   1.9732826e+00
   5.6900000e+02   5.3573528e+00   1.9777565e+00
   5.6800000e+02   5.3432120e+00   1.9817618e+00
   5.6700000e+02   5.3300659e+00   1.9855391e+00
   5.6600000e+02   5.3178118e+00   1.9893984e+00
   5.6500000e+02   5.3063959e+00   1.9935780e+00
   5.6400000e+02   5.2959086e+00   1.9980996e+00
   5.6300000e+02   5.2864526e+00   2.0029510e+00
   5.6200000e+02   5.2779113e+00   2.0082049e+00
   5.6100000e+02   5.2700000e+00   2.0140000e+00
   5.6000000e+02   5.2624882e+00   2.0204268e+00
   5.5900000e+02   5.2553814e+00   2.0273774e+00
   5.5800000e+02   5.2487349e+00   2.0347041e+00
   5.5700000e+02   5.2423952e+00   2.0424802e+00
   5.5600000e+02   5.2360000e+00   2.0510000e+00
   5.5500000e+02   5.2292847e+00   2.0604684e+00
   5.5400000e+02   5.2224116e+00   2.0706940e+00
   5.5300000e+02   5.2156375e+00   2.0813944e+00
   5.5200000e+02   5.2089365e+00   2.0924691e+00
   5.5100000e+02   5.2020000e+00   2.1040000e+00
   5.5000000e+02   5.1945454e+00   2.1160714e+00
   5.4900000e+02   5.1864429e+00   2.1287473e+00
   5.4800000e+02   5.1776083e+00   2.1420713e+00
   5.4700000e+02   5.1680672e+00   2.1558641e+00
   5.4600000e+02   5.1579303e+00   2.1697750e+00
   5.4500000e+02   5.1472994e+00   2.1835668e+00
   5.4400000e+02   5.1362527e+00   2.1972659e+00
   5.4300000e+02   5.1248233e+00   2.2109379e+00
   5.4200000e+02   5.1127376e+00   2.2246781e+00
   5.4100000e+02   5.0995937e+00   2.2385900e+00
   5.4000000e+02   5.0853623e+00   2.2525910e+00
   5.3900000e+02   5.0704991e+00   2.2663562e+00
   5.3800000e+02   5.0553412e+00   2.2796153e+00
   5.3700000e+02   5.0397773e+00   2.2923067e+00
   5.3600000e+02   5.0236129e+00   2.3044222e+00
   5.3500000e+02   5.0066479e+00   2.3161037e+00
   5.3400000e+02   4.9886892e+00   2.3275727e+00
   5.3300000e+02   4.9699439e+00   2.3387132e+00
   5.3200000e+02   4.9511382e+00   2.3489693e+00
   5.3100000e+02   4.9326725e+00   2.3580247e+00
   5.3000000e+02   4.9138756e+00   2.3663629e+00
   5.2900000e+02   4.8940123e+00   2.3745081e+00
   5.2800000e+02   4.8733391e+00   2.3821936e+00
   5.2700000e+02   4.8525402e+00   2.3888273e+00
   5.2600000e+02   4.8320484e+00   2.3942519e+00
   5.2500000e+02   4.8120935e+00   2.3986468e+00
   5.2400000e+02   4.7925858e+00   2.4022357e+00
   5.2300000e+02   4.7730270e+00   2.4052889e+00
   5.2200000e+02   4.7530850e+00   2.4079335e+00
   5.2100000e+02   4.7330025e+00   2.4098615e+00
   5.2000000e+02   4.7131248e+00   2.4107897e+00
   5.1900000e+02   4.6937777e+00   2.4110018e+00
   5.1800000e+02   4.6752121e+00   2.4109035e+00
   5.1700000e+02   4.6571745e+00   2.4103932e+00
   5.1600000e+02   4.6392265e+00   2.4091613e+00
   5.1500000e+02   4.6215420e+00   2.4071934e+00
   5.1400000e+02   4.6047420e+00   2.4047048e+00
   5.1300000e+02   4.5888637e+00   2.4019449e+00
   5.1200000e+02   4.5733535e+00   2.3991877e+00
   5.1100000e+02   4.5579759e+00   2.3964518e+00
   5.1000000e+02   4.5430769e+00   2.3933211e+00
   5.0900000e+02   4.5287768e+00   2.3895878e+00
   5.0800000e+02   4.5145663e+00   2.3856021e+00
   5.0700000e+02   4.5002353e+00   2.3816471e+00
   5.0600000e+02   4.4867170e+00   2.3775824e+00
   5.0500000e+02   4.4746256e+00   2.3732973e+00
   5.0400000e+02   4.4630000e+00   2.3690000e+00
   5.0300000e+02   4.4509458e+00   2.3649033e+00
   5.0200000e+02   4.4390000e+00   2.3610000e+00
   5.0100000e+02   4.4278149e+00   2.3572111e+00
   5.0000000e+02   4.4170716e+00   2.3533901e+00
   4.9900000e+02   4.4063499e+00   2.3494161e+00
   4.9800000e+02   4.3959926e+00   2.3453972e+00
   4.9700000e+02   4.3864085e+00   2.3414608e+00
   4.9600000e+02   4.3769728e+00   2.3374209e+00
   4.9500000e+02   4.3669622e+00   2.3331069e+00
   4.9400000e+02   4.3570000e+00   2.3290000e+00
   4.9300000e+02   4.3478470e+00   2.3255246e+00
   4.9200000e+02   4.3390000e+00   2.3220000e+00
   4.9100000e+02   4.3299168e+00   2.3177986e+00
   4.9000000e+02   4.3211633e+00   2.3136106e+00
   4.8900000e+02   4.3131740e+00   2.3100669e+00
   4.8800000e+02   4.3051708e+00   2.3066420e+00
   4.8700000e+02   4.2966295e+00   2.3029033e+00
   4.8600000e+02   4.2884452e+00   2.2993278e+00
   4.8500000e+02   4.2811200e+00   2.2961988e+00
   4.8400000e+02   4.2737007e+00   2.2929957e+00
   4.8300000e+02   4.2657380e+00   2.2893568e+00
   4.8200000e+02   4.2579603e+00   2.2853804e+00
   4.8100000e+02   4.2507598e+00   2.2814292e+00
   4.8000000e+02   4.2439341e+00   2.2780891e+00
   4.7900000e+02   4.2371144e+00   2.2750238e+00
   4.7800000e+02   4.2299085e+00   2.2713052e+00
   4.7700000e+02   4.2226907e+00   2.2673596e+00
   4.7600000e+02   4.2161252e+00   2.2641320e+00
   4.7500000e+02   4.2100000e+00   2.2610000e+00
   4.7400000e+02   4.2038987e+00   2.2571668e+00
   4.7300000e+02   4.1977760e+00   2.2532582e+00
   4.7200000e+02   4.1916635e+00   2.2498747e+00
   4.7100000e+02   4.1855582e+00   2.2467643e+00
   4.7000000e+02   4.1794485e+00   2.2434824e+00
   4.6900000e+02   4.1733394e+00   2.2395459e+00
   4.6800000e+02   4.1675417e+00   2.2353849e+00
   4.6700000e+02   4.1624337e+00   2.2318938e+00
   4.6600000e+02   4.1574894e+00   2.2286648e+00
   4.6500000e+02   4.1521900e+00   2.2251387e+00
   4.6400000e+02   4.1469380e+00   2.2216206e+00
   4.6300000e+02   4.1419615e+00   2.2183044e+00
   4.6200000e+02   4.1370656e+00   2.2150190e+00
   4.6100000e+02   4.1324304e+00   2.2113994e+00
   4.6000000e+02   4.1283521e+00   2.2071784e+00
   4.5900000e+02   4.1240789e+00   2.2033217e+00
   4.5800000e+02   4.1192424e+00   2.2004290e+00
   4.5700000e+02   4.1150685e+00   2.1973908e+00
   4.5600000e+02   4.1116850e+00   2.1937592e+00
   4.5500000e+02   4.1080562e+00   2.1899606e+00
   4.5400000e+02   4.1042533e+00   2.1862841e+00
   4.5300000e+02   4.1006879e+00   2.1827800e+00
   4.5200000e+02   4.0973693e+00   2.1791556e+00
   4.5100000e+02   4.0942930e+00   2.1753762e+00
   4.5000000e+02   4.0914233e+00   2.1717052e+00
   4.4900000e+02   4.0883425e+00   2.1683686e+00
   4.4800000e+02   4.0850761e+00   2.1653003e+00
   4.4700000e+02   4.0828030e+00   2.1618628e+00
   4.4600000e+02   4.0810000e+00   2.1580000e+00
   4.4500000e+02   4.0783914e+00   2.1541486e+00
   4.4400000e+02   4.0763847e+00   2.1506742e+00
   4.4300000e+02   4.0752846e+00   2.1476005e+00
   4.4200000e+02   4.0734378e+00   2.1445577e+00
   4.4100000e+02   4.0717853e+00   2.1413357e+00
   4.4000000e+02   4.0712269e+00   2.1379754e+00
   4.3900000e+02   4.0700798e+00   2.1348297e+00
   4.3800000e+02   4.0689489e+00   2.1316658e+00
   4.3700000e+02   4.0690113e+00   2.1282510e+00
   4.3600000e+02   4.0686339e+00   2.1253904e+00
   4.3500000e+02   4.0680000e+00   2.1230000e+00
   4.3400000e+02   4.0685319e+00   2.1203717e+00
   4.3300000e+02   4.0693964e+00   2.1176431e+00
   4.3200000e+02   4.0700000e+00   2.1150000e+00
   4.3100000e+02   4.0705937e+00   2.1123906e+00
   4.3000000e+02   4.0715349e+00   2.1095272e+00
   4.2900000e+02   4.0730000e+00   2.1070000e+00
   4.2800000e+02   4.0749278e+00   2.1056895e+00
   4.2700000e+02   4.0770995e+00   2.1039898e+00
   4.2600000e+02   4.0791954e+00   2.1018195e+00
   4.2500000e+02   4.0811186e+00   2.1004865e+00
   4.2400000e+02   4.0835727e+00   2.0991319e+00
   4.2300000e+02   4.0866379e+00   2.0977765e+00
   4.2200000e+02   4.0899573e+00   2.0970890e+00
   4.2100000e+02   4.0935026e+00   2.0969421e+00
   4.2000000e+02   4.0970407e+00   2.0970310e+00
   4.1900000e+02   4.1006127e+00   2.0970192e+00
   4.1800000e+02   4.1047894e+00   2.0968209e+00
   4.1700000e+02   4.1091820e+00   2.0975643e+00
   4.1600000e+02   4.1134158e+00   2.0991475e+00
   4.1500000e+02   4.1176417e+00   2.1005093e+00
   4.1400000e+02   4.1224181e+00   2.1024519e+00
   4.1300000e+02   4.1275258e+00   2.1045930e+00
   4.1200000e+02   4.1325091e+00   2.1067261e+00
   4.1100000e+02   4.1374327e+00   2.1100881e+00
   4.1000000e+02   4.1426937e+00   2.1138522e+00
   4.0900000e+02   4.1480248e+00   2.1178903e+00
   4.0800000e+02   4.1529831e+00   2.1229227e+00
   4.0700000e+02   4.1582752e+00   2.1283482e+00
   4.0600000e+02   4.1636795e+00   2.1335660e+00
   4.0500000e+02   4.1691134e+00   2.1392656e+00
   4.0400000e+02   4.1745140e+00   2.1462803e+00
   4.0300000e+02   4.1788823e+00   2.1533874e+00
   4.0200000e+02   4.1833207e+00   2.1607580e+00
   4.0100000e+02   4.1878179e+00   2.1685873e+00
   4.0000000e+02   4.1916006e+00   2.1770649e+00
   3.9900000e+02   4.1958273e+00   2.1870121e+00
   3.9800000e+02   4.1992399e+00   2.1965219e+00
   3.9700000e+02   4.2022887e+00   2.2058170e+00
   3.9600000e+02   4.2052333e+00   2.2160678e+00
   3.9500000e+02   4.2068676e+00   2.2269279e+00
   3.9400000e+02   4.2083034e+00   2.2375467e+00
   3.9300000e+02   4.2101531e+00   2.2491077e+00
   3.9200000e+02   4.2111746e+00   2.2600978e+00
   3.9100000e+02   4.2109900e+00   2.2700733e+00
   3.9000000e+02   4.2110191e+00   2.2817949e+00
   3.8900000e+02   4.2103786e+00   2.2935805e+00
   3.8800000e+02   4.2088662e+00   2.3047426e+00
   3.8700000e+02   4.2072097e+00   2.3150093e+00
   3.8600000e+02   4.2056811e+00   2.3250846e+00
   3.8500000e+02   4.2040000e+00   2.3360000e+00
   3.8400000e+02   4.2022076e+00   2.3469500e+00
   3.8300000e+02   4.1998142e+00   2.3570364e+00
   3.8200000e+02   4.1971124e+00   2.3670172e+00
   3.8100000e+02   4.1952037e+00   2.3768918e+00
   3.8000000e+02   4.1932360e+00   2.3872742e+00
   3.7900000e+02   4.1905609e+00   2.3980062e+00
   3.7800000e+02   4.1890000e+00   2.4080000e+00
   3.7700000e+02   4.1872169e+00   2.4198857e+00
   3.7600000e+02   4.1847851e+00   2.4299109e+00
   3.7500000e+02   4.1821497e+00   2.4412520e+00
   3.7400000e+02   4.1790613e+00   2.4524473e+00
   3.7300000e+02   4.1756257e+00   2.4639479e+00
   3.7200000e+02   4.1716987e+00   2.4766651e+00
   3.7100000e+02   4.1671072e+00   2.4883639e+00
   3.7000000e+02   4.1624905e+00   2.5001355e+00
   3.6900000e+02   4.1570000e+00   2.5110000e+00
   3.6800000e+02   4.1515959e+00   2.5218899e+00
   3.6700000e+02   4.1452060e+00   2.5329147e+00
   3.6600000e+02   4.1397344e+00   2.5429091e+00
   3.6500000e+02   4.1331397e+00   2.5537874e+00
   3.6400000e+02   4.1264787e+00   2.5635270e+00
   3.6300000e+02   4.1201625e+00   2.5723839e+00
   3.6200000e+02   4.1139973e+00   2.5816106e+00
   3.6100000e+02   4.1078492e+00   2.5900505e+00
   3.6000000e+02   4.1015087e+00   2.5986423e+00
   3.5900000e+02   4.0958352e+00   2.6070493e+00
   3.5800000e+02   4.0901986e+00   2.6143032e+00
   3.5700000e+02   4.0844084e+00   2.6224134e+00
   3.5600000e+02   4.0795107e+00   2.6304431e+00
   3.5500000e+02   4.0745601e+00   2.6381935e+00
   3.5400000e+02   4.0701715e+00   2.6455836e+00
   3.5300000e+02   4.0662169e+00   2.6534450e+00
   3.5200000e+02   4.0621608e+00   2.6605324e+00
   3.5100000e+02   4.0583479e+00   2.6685374e+00
   3.5000000e+02   4.0553572e+00   2.6769334e+00
   3.4900000e+02   4.0520727e+00   2.6866267e+00
   3.4800000e+02   4.0490561e+00   2.6943079e+00
   3.4700000e+02   4.0463301e+00   2.7025689e+00
   3.4600000e+02   4.0443607e+00   2.7119855e+00
   3.4500000e+02   4.0421576e+00   2.7217438e+00
   3.4400000e+02   4.0402510e+00   2.7304311e+00
   3.4300000e+02   4.0380296e+00   2.7402700e+00
   3.4200000e+02   4.0364560e+00   2.7517185e+00
   3.4100000e+02   4.0347710e+00   2.7618505e+00
   3.4000000e+02   4.0333829e+00   2.7732791e+00
   3.3900000e+02   4.0314138e+00   2.7848918e+00
   3.3800000e+02   4.0301609e+00   2.7955940e+00
   3.3700000e+02   4.0291039e+00   2.8086924e+00
   3.3600000e+02   4.0280000e+00   2.8210000e+00
   3.3500000e+02   4.0258305e+00   2.8343331e+00
   3.3400000e+02   4.0248059e+00   2.8478095e+00
   3.3300000e+02   4.0236398e+00   2.8623566e+00
   3.3200000e+02   4.0226495e+00   2.8767786e+00
   3.3100000e+02   4.0208824e+00   2.8911922e+00
   3.3000000e+02   4.0192462e+00   2.9060813e+00
   3.2900000e+02   4.0181847e+00   2.9233012e+00
   3.2800000e+02   4.0160000e+00   2.9390000e+00
   3.2700000e+02   4.0148168e+00   2.9558577e+00
   3.2600000e+02   4.0122132e+00   2.9740634e+00
   3.2500000e+02   4.0105066e+00   2.9914353e+00
   3.2400000e+02   4.0087548e+00   3.0095455e+00
   3.2300000e+02   4.0062408e+00   3.0290232e+00
   3.2200000e+02   4.0040000e+00   3.0480000e+00
   3.2100000e+02   4.0012548e+00   3.0694030e+00
   3.2000000e+02   3.9981012e+00   3.0894792e+00
   3.1900000e+02   3.9951145e+00   3.1100408e+00
   3.1800000e+02   3.9922719e+00   3.1327802e+00
   3.1700000e+02   3.9886062e+00   3.1553286e+00
   3.1600000e+02   3.9848891e+00   3.1791433e+00
   3.1500000e+02   3.9810949e+00   3.2028859e+00
   3.1400000e+02   3.9774371e+00   3.2265922e+00
   3.1300000e+02   3.9725562e+00   3.2516064e+00
   3.1200000e+02   3.9689747e+00   3.2776248e+00
   3.1100000e+02   3.9645216e+00   3.3026082e+00
   3.1000000e+02   3.9600000e+00   3.3330000e+00
   3.0900000e+02   3.9560598e+00   3.3601356e+00
   3.0800000e+02   3.9512079e+00   3.3906129e+00
   3.0700000e+02   3.9473625e+00   3.4221942e+00
   3.0600000e+02   3.9435787e+00   3.4525598e+00
   3.0500000e+02   3.9395007e+00   3.4883265e+00
   3.0400000e+02   3.9354197e+00   3.5260875e+00
   3.0300000e+02   3.9316268e+00   3.5630117e+00
   3.0200000e+02   3.9267090e+00   3.6091307e+00
   3.0100000e+02   3.9215602e+00   3.6533930e+00
   3.0000000e+02   3.9143629e+00   3.7048768e+00
   2.9900000e+02   3.9051479e+00   3.7625199e+00
   2.9800000e+02   3.8930000e+00   3.8180000e+00
   2.9700000e+02   3.8759440e+00   3.8833494e+00
   2.9600000e+02   3.8526430e+00   3.9537705e+00
   2.9500000e+02   3.8224921e+00   4.0266908e+00
   2.9400000e+02   3.7848485e+00   4.1024855e+00
   2.9300000e+02   3.7368472e+00   4.1797087e+00
   2.9200000e+02   3.6797515e+00   4.2566543e+00
   2.9100000e+02   3.6130000e+00   4.3310000e+00
   2.9000000e+02   3.5255339e+00   4.4095546e+00
   2.8900000e+02   3.4390000e+00   4.4730000e+00
   2.8800000e+02   3.3374582e+00   4.5314272e+00
   2.8700000e+02   3.2280000e+00   4.5800000e+00
   2.8600000e+02   3.1123333e+00   4.6166770e+00
   2.8500000e+02   2.9930000e+00   4.6400000e+00
   2.8400000e+02   2.8674459e+00   4.6507732e+00
   2.8300000e+02   2.7421344e+00   4.6460380e+00
   2.8200000e+02   2.6248441e+00   4.6291140e+00
   2.8100000e+02   2.5160185e+00   4.6006004e+00
   2.8000000e+02   2.4009605e+00   4.5584311e+00
   2.7900000e+02   2.3098016e+00   4.5122896e+00
   2.7800000e+02   2.2160000e+00   4.4540000e+00
   2.7700000e+02   2.1342082e+00   4.3901281e+00
   2.7600000e+02   2.0729299e+00   4.3328561e+00
   2.7500000e+02   2.0115137e+00   4.2682734e+00
   2.7400000e+02   1.9607259e+00   4.2053444e+00
   2.7300000e+02   1.9169998e+00   4.1451026e+00
   2.7200000e+02   1.8794882e+00   4.0875374e+00
   2.7100000e+02   1.8479125e+00   4.0344141e+00
   2.7000000e+02   1.8192294e+00   3.9841880e+00
   2.6900000e+02   1.7937409e+00   3.9379938e+00
   2.6800000e+02   1.7663388e+00   3.8899583e+00
   2.6700000e+02   1.7451762e+00   3.8491744e+00
   2.6600000e+02   1.7216418e+00   3.8058673e+00
   2.6500000e+02   1.7031191e+00   3.7699900e+00
   2.6400000e+02   1.6813670e+00   3.7305981e+00
   2.6300000e+02   1.6628985e+00   3.6948975e+00
   2.6200000e+02   1.6450743e+00   3.6592792e+00
   2.6100000e+02   1.6270000e+00   3.6250000e+00
   2.6000000e+02   1.6106158e+00   3.5902710e+00
   2.5900000e+02   1.5947255e+00   3.5570619e+00
   2.5800000e+02   1.5778561e+00   3.5224679e+00
   2.5700000e+02   1.5649593e+00   3.4914706e+00
   2.5600000e+02   1.5506097e+00   3.4585740e+00
   2.5500000e+02   1.5388549e+00   3.4276795e+00
   2.5400000e+02   1.5259925e+00   3.3961703e+00
   2.5300000e+02   1.5160000e+00   3.3680000e+00
   2.5200000e+02   1.5060000e+00   3.3370000e+00
   2.5100000e+02   1.4970000e+00   3.3080000e+00
   2.5000000e+02   1.4890000e+00   3.2790000e+00
   2.4900000e+02   1.4810000e+00   3.2520000e+00
   2.4800000e+02   1.4750000e+00   3.2250000e+00
   2.4700000e+02   1.4700000e+00   3.1990000e+00
   2.4600000e+02   1.4650000e+00   3.1740000e+00
   2.4500000e+02   1.4610000e+00   3.1510000e+00
   2.4400000e+02   1.4566789e+00   3.1244156e+00
   2.4300000e+02   1.4548036e+00   3.1039380e+00
   2.4200000e+02   1.4525957e+00   3.0807480e+00
   2.4100000e+02   1.4510302e+00   3.0611306e+00
   2.4000000e+02   1.4498841e+00   3.0406894e+00
   2.3900000e+02   1.4499953e+00   3.0214037e+00
   2.3800000e+02   1.4500000e+00   3.0040000e+00
   2.3700000e+02   1.4501717e+00   2.9875211e+00
   2.3600000e+02   1.4513748e+00   2.9720601e+00
   2.3500000e+02   1.4526137e+00   2.9584720e+00
   2.3400000e+02   1.4537037e+00   2.9459781e+00
   2.3300000e+02   1.4551468e+00   2.9340868e+00
   2.3200000e+02   1.4563726e+00   2.9253390e+00
   2.3100000e+02   1.4576800e+00   2.9159213e+00
   2.3000000e+02   1.4590000e+00   2.9090000e+00
   2.2900000e+02   1.4600997e+00   2.9039822e+00
   2.2800000e+02   1.4599764e+00   2.9002261e+00
   2.2700000e+02   1.4589296e+00   2.8979240e+00
   2.2600000e+02   1.4574960e+00   2.8980256e+00
   2.2500000e+02   1.4550000e+00   2.8990000e+00
   2.2400000e+02   1.4501195e+00   2.9016484e+00
   2.2300000e+02   1.4440000e+00   2.9050000e+00
   2.2200000e+02   1.4351180e+00   2.9087998e+00
   2.2100000e+02   1.4250000e+00   2.9150000e+00
   2.2000000e+02   1.4109304e+00   2.9205195e+00
   2.1900000e+02   1.3941304e+00   2.9265635e+00
   2.1800000e+02   1.3769380e+00   2.9306856e+00
   2.1700000e+02   1.3554388e+00   2.9346099e+00
   2.1600000e+02   1.3320000e+00   2.9370000e+00
   2.1500000e+02   1.3051182e+00   2.9374135e+00
   2.1400000e+02   1.2794210e+00   2.9354740e+00
   2.1300000e+02   1.2510000e+00   2.9300000e+00
   2.1200000e+02   1.2231292e+00   2.9220167e+00
   2.1100000e+02   1.1933364e+00   2.9096477e+00
   2.1000000e+02   1.1669268e+00   2.8969758e+00
   2.0900000e+02   1.1406030e+00   2.8803531e+00
   2.0800000e+02   1.1170000e+00   2.8630000e+00
   2.0700000e+02   1.0940000e+00   2.8430000e+00
   2.0600000e+02   1.0740000e+00   2.8230000e+00
   2.0500000e+02   1.0573870e+00   2.8036500e+00
   2.0400000e+02   1.0405832e+00   2.7844660e+00
   2.0300000e+02   1.0262348e+00   2.7647473e+00
   2.0200000e+02   1.0129710e+00   2.7476435e+00
   2.0100000e+02   1.0010035e+00   2.7302728e+00
   2.0000000e+02   9.8880000e-01   2.7130000e+00
