   1.1000000e+03   3.4717250e-01
   1.0990000e+03   3.3913579e-01
   1.0980000e+03   3.3109212e-01
   1.0970000e+03   3.2305207e-01
   1.0960000e+03   3.1502671e-01
   1.0950000e+03   3.0702800e-01
   1.0940000e+03   2.9906817e-01
   1.0930000e+03   2.9115988e-01
   1.0920000e+03   2.8331585e-01
   1.0910000e+03   2.7554934e-01
   1.0900000e+03   2.6787385e-01
   1.0890000e+03   2.6030283e-01
   1.0880000e+03   2.5284881e-01
   1.0870000e+03   2.4552455e-01
   1.0860000e+03   2.3834462e-01
   1.0850000e+03   2.3132468e-01
   1.0840000e+03   2.2448171e-01
   1.0830000e+03   2.1783348e-01
   1.0820000e+03   2.1139885e-01
   1.0810000e+03   2.0519771e-01
   1.0800000e+03   1.9925059e-01
   1.0790000e+03   1.9358016e-01
   1.0780000e+03   1.8821278e-01
   1.0770000e+03   1.8317506e-01
   1.0760000e+03   1.7849107e-01
   1.0750000e+03   1.7418256e-01
   1.0740000e+03   1.7026926e-01
   1.0730000e+03   1.6676837e-01
   1.0720000e+03   1.6369485e-01
   1.0710000e+03   1.6106064e-01
   1.0700000e+03   1.5887497e-01
   1.0690000e+03   1.5714372e-01
   1.0680000e+03   1.5586932e-01
   1.0670000e+03   1.5505394e-01
   1.0660000e+03   1.5469907e-01
   1.0650000e+03   1.5480515e-01
   1.0640000e+03   1.5537144e-01
   1.0630000e+03   1.5639609e-01
   1.0620000e+03   1.5787616e-01
   1.0610000e+03   1.5980748e-01
   1.0600000e+03   1.6218482e-01
   1.0590000e+03   1.6500127e-01
   1.0580000e+03   1.6824665e-01
   1.0570000e+03   1.7190836e-01
   1.0560000e+03   1.7597211e-01
   1.0550000e+03   1.8042235e-01
   1.0540000e+03   1.8524179e-01
   1.0530000e+03   1.9041221e-01
   1.0520000e+03   1.9591424e-01
   1.0510000e+03   2.0172791e-01
   1.0500000e+03   2.0783323e-01
   1.0490000e+03   2.1421363e-01
   1.0480000e+03   2.2085384e-01
   1.0470000e+03   2.2773925e-01
   1.0460000e+03   2.3485573e-01
   1.0450000e+03   2.4218978e-01
   1.0440000e+03   2.4972792e-01
   1.0430000e+03   2.5745783e-01
   1.0420000e+03   2.6536703e-01
   1.0410000e+03   2.7344214e-01
   1.0400000e+03   2.8166336e-01
   1.0390000e+03   2.9000875e-01
   1.0380000e+03   2.9845565e-01
   1.0370000e+03   3.0698170e-01
   1.0360000e+03   3.1556419e-01
   1.0350000e+03   3.2418074e-01
   1.0340000e+03   3.3280975e-01
   1.0330000e+03   3.4142983e-01
   1.0320000e+03   3.5002220e-01
   1.0310000e+03   3.5857614e-01
   1.0300000e+03   3.6708343e-01
   1.0290000e+03   3.7553807e-01
   1.0280000e+03   3.8393625e-01
   1.0270000e+03   3.9227574e-01
   1.0260000e+03   4.0055522e-01
   1.0250000e+03   4.0877401e-01
   1.0240000e+03   4.1693182e-01
   1.0230000e+03   4.2502552e-01
   1.0220000e+03   4.3305139e-01
   1.0210000e+03   4.4100554e-01
   1.0200000e+03   4.4888450e-01
   1.0190000e+03   4.5668378e-01
   1.0180000e+03   4.6439658e-01
   1.0170000e+03   4.7201613e-01
   1.0160000e+03   4.7953549e-01
   1.0150000e+03   4.8694803e-01
   1.0140000e+03   4.9424677e-01
   1.0130000e+03   5.0142543e-01
   1.0120000e+03   5.0847871e-01
   1.0110000e+03   5.1540213e-01
   1.0100000e+03   5.2219205e-01
   1.0090000e+03   5.2884617e-01
   1.0080000e+03   5.3536507e-01
   1.0070000e+03   5.4175066e-01
   1.0060000e+03   5.4800601e-01
   1.0050000e+03   5.5413451e-01
   1.0040000e+03   5.6013937e-01
   1.0030000e+03   5.6602353e-01
   1.0020000e+03   5.7178988e-01
   1.0010000e+03   5.7744132e-01
   1.0000000e+03   5.8298033e-01
   9.9900000e+02   5.8840935e-01
   9.9800000e+02   5.9372938e-01
   9.9700000e+02   5.9894142e-01
   9.9600000e+02   6.0404672e-01
   9.9500000e+02   6.0904638e-01
   9.9400000e+02   6.1394156e-01
   9.9300000e+02   6.1873361e-01
   9.9200000e+02   6.2342379e-01
   9.9100000e+02   6.2801368e-01
   9.9000000e+02   6.3250525e-01
   9.8900000e+02   6.3689968e-01
   9.8800000e+02   6.4119506e-01
   9.8700000e+02   6.4538895e-01
   9.8600000e+02   6.4947944e-01
   9.8500000e+02   6.5346497e-01
   9.8400000e+02   6.5734453e-01
   9.8300000e+02   6.6111699e-01
   9.8200000e+02   6.6478028e-01
   9.8100000e+02   6.6833252e-01
   9.8000000e+02   6.7177231e-01
   9.7900000e+02   6.7510045e-01
   9.7800000e+02   6.7832527e-01
   9.7700000e+02   6.8145622e-01
   9.7600000e+02   6.8450176e-01
   9.7500000e+02   6.8747122e-01
   9.7400000e+02   6.9037625e-01
   9.7300000e+02   6.9322737e-01
   9.7200000e+02   6.9603434e-01
   9.7100000e+02   6.9880561e-01
   9.7000000e+02   7.0154868e-01
   9.6900000e+02   7.0426818e-01
   9.6800000e+02   7.0696072e-01
   9.6700000e+02   7.0961822e-01
   9.6600000e+02   7.1223117e-01
   9.6500000e+02   7.1479098e-01
   9.6400000e+02   7.1728997e-01
   9.6300000e+02   7.1972167e-01
   9.6200000e+02   7.2208036e-01
   9.6100000e+02   7.2436146e-01
   9.6000000e+02   7.2656130e-01
   9.5900000e+02   7.2867872e-01
   9.5800000e+02   7.3071722e-01
   9.5700000e+02   7.3268087e-01
   9.5600000e+02   7.3457330e-01
   9.5500000e+02   7.3639764e-01
   9.5400000e+02   7.3815653e-01
   9.5300000e+02   7.3985246e-01
   9.5200000e+02   7.4149032e-01
   9.5100000e+02   7.4307585e-01
   9.5000000e+02   7.4461391e-01
   9.4900000e+02   7.4610825e-01
   9.4800000e+02   7.4756066e-01
   9.4700000e+02   7.4897256e-01
   9.4600000e+02   7.5034510e-01
   9.4500000e+02   7.5167681e-01
   9.4400000e+02   7.5296343e-01
   9.4300000e+02   7.5420083e-01
   9.4200000e+02   7.5538541e-01
   9.4100000e+02   7.5651398e-01
   9.4000000e+02   7.5758379e-01
   9.3900000e+02   7.5859257e-01
   9.3800000e+02   7.5954030e-01
   9.3700000e+02   7.6043013e-01
   9.3600000e+02   7.6126549e-01
   9.3500000e+02   7.6204976e-01
   9.3400000e+02   7.6278626e-01
   9.3300000e+02   7.6347836e-01
   9.3200000e+02   7.6412940e-01
   9.3100000e+02   7.6474105e-01
   9.3000000e+02   7.6531161e-01
   9.2900000e+02   7.6583905e-01
   9.2800000e+02   7.6632040e-01
   9.2700000e+02   7.6675220e-01
   9.2600000e+02   7.6713081e-01
   9.2500000e+02   7.6745235e-01
   9.2400000e+02   7.6771435e-01
   9.2300000e+02   7.6791657e-01
   9.2200000e+02   7.6805828e-01
   9.2100000e+02   7.6813806e-01
   9.2000000e+02   7.6815367e-01
   9.1900000e+02   7.6810270e-01
   9.1800000e+02   7.6798496e-01
   9.1700000e+02   7.6780064e-01
   9.1600000e+02   7.6754975e-01
   9.1500000e+02   7.6723233e-01
   9.1400000e+02   7.6684858e-01
   9.1300000e+02   7.6639888e-01
   9.1200000e+02   7.6588374e-01
   9.1100000e+02   7.6530380e-01
   9.1000000e+02   7.6465900e-01
   9.0900000e+02   7.6394858e-01
   9.0800000e+02   7.6317111e-01
   9.0700000e+02   7.6232519e-01
   9.0600000e+02   7.6140972e-01
   9.0500000e+02   7.6042387e-01
   9.0400000e+02   7.5936753e-01
   9.0300000e+02   7.5824203e-01
   9.0200000e+02   7.5704905e-01
   9.0100000e+02   7.5579041e-01
   9.0000000e+02   7.5446794e-01
   8.9900000e+02   7.5308311e-01
   8.9800000e+02   7.5163528e-01
   8.9700000e+02   7.5012233e-01
   8.9600000e+02   7.4854105e-01
   8.9500000e+02   7.4688803e-01
   8.9400000e+02   7.4515970e-01
   8.9300000e+02   7.4335232e-01
   8.9200000e+02   7.4146195e-01
   8.9100000e+02   7.3948477e-01
   8.9000000e+02   7.3741752e-01
   8.8900000e+02   7.3525754e-01
   8.8800000e+02   7.3300453e-01
   8.8700000e+02   7.3065880e-01
   8.8600000e+02   7.2822103e-01
   8.8500000e+02   7.2569212e-01
   8.8400000e+02   7.2307283e-01
   8.8300000e+02   7.2036408e-01
   8.8200000e+02   7.1756689e-01
   8.8100000e+02   7.1468253e-01
   8.8000000e+02   7.1171274e-01
   8.7900000e+02   7.0865934e-01
   8.7800000e+02   7.0552440e-01
   8.7700000e+02   7.0231044e-01
   8.7600000e+02   6.9902074e-01
   8.7500000e+02   6.9565923e-01
   8.7400000e+02   6.9223037e-01
   8.7300000e+02   6.8873948e-01
   8.7200000e+02   6.8519220e-01
   8.7100000e+02   6.8159485e-01
   8.7000000e+02   6.7795405e-01
   8.6900000e+02   6.7427657e-01
   8.6800000e+02   6.7056752e-01
   8.6700000e+02   6.6683198e-01
   8.6600000e+02   6.6307538e-01
   8.6500000e+02   6.5930378e-01
   8.6400000e+02   6.5552364e-01
   8.6300000e+02   6.5174176e-01
   8.6200000e+02   6.4796546e-01
   8.6100000e+02   6.4420243e-01
   8.6000000e+02   6.4046076e-01
   8.5900000e+02   6.3675037e-01
   8.5800000e+02   6.3308779e-01
   8.5700000e+02   6.2949091e-01
   8.5600000e+02   6.2597753e-01
   8.5500000e+02   6.2256460e-01
   8.5400000e+02   6.1926831e-01
   8.5300000e+02   6.1610460e-01
   8.5200000e+02   6.1308878e-01
   8.5100000e+02   6.1023510e-01
   8.5000000e+02   6.0755681e-01
   8.4900000e+02   6.0506442e-01
   8.4800000e+02   6.0276075e-01
   8.4700000e+02   6.0064413e-01
   8.4600000e+02   5.9871140e-01
   8.4500000e+02   5.9695759e-01
   8.4400000e+02   5.9537663e-01
   8.4300000e+02   5.9396086e-01
   8.4200000e+02   5.9270280e-01
   8.4100000e+02   5.9159541e-01
   8.4000000e+02   5.9063126e-01
   8.3900000e+02   5.8980240e-01
   8.3800000e+02   5.8909981e-01
   8.3700000e+02   5.8851412e-01
   8.3600000e+02   5.8803555e-01
   8.3500000e+02   5.8765411e-01
   8.3400000e+02   5.8735980e-01
   8.3300000e+02   5.8714243e-01
   8.3200000e+02   5.8699187e-01
   8.3100000e+02   5.8689756e-01
   8.3000000e+02   5.8684802e-01
   8.2900000e+02   5.8683238e-01
   8.2800000e+02   5.8684294e-01
   8.2700000e+02   5.8687189e-01
   8.2600000e+02   5.8691106e-01
   8.2500000e+02   5.8695438e-01
   8.2400000e+02   5.8699719e-01
   8.2300000e+02   5.8703432e-01
   8.2200000e+02   5.8706013e-01
   8.2100000e+02   5.8706851e-01
   8.2000000e+02   5.8705163e-01
   8.1900000e+02   5.8699709e-01
   8.1800000e+02   5.8689037e-01
   8.1700000e+02   5.8671740e-01
   8.1600000e+02   5.8646511e-01
   8.1500000e+02   5.8612160e-01
   8.1400000e+02   5.8567779e-01
   8.1300000e+02   5.8512633e-01
   8.1200000e+02   5.8446002e-01
   8.1100000e+02   5.8367200e-01
   8.1000000e+02   5.8275543e-01
   8.0900000e+02   5.8170277e-01
   8.0800000e+02   5.8050603e-01
   8.0700000e+02   5.7915753e-01
   8.0600000e+02   5.7764994e-01
   8.0500000e+02   5.7597624e-01
   8.0400000e+02   5.7413005e-01
   8.0300000e+02   5.7210589e-01
   8.0200000e+02   5.6989724e-01
   8.0100000e+02   5.6749618e-01
   8.0000000e+02   5.6489326e-01
   7.9900000e+02   5.6207833e-01
   7.9800000e+02   5.5904530e-01
   7.9700000e+02   5.5579221e-01
   7.9600000e+02   5.5232070e-01
   7.9500000e+02   5.4863622e-01
   7.9400000e+02   5.4474660e-01
   7.9300000e+02   5.4065151e-01
   7.9200000e+02   5.3634332e-01
   7.9100000e+02   5.3181049e-01
   7.9000000e+02   5.2703770e-01
   7.8900000e+02   5.2200619e-01
   7.8800000e+02   5.1670624e-01
   7.8700000e+02   5.1113921e-01
   7.8600000e+02   5.0531102e-01
   7.8500000e+02   4.9923277e-01
   7.8400000e+02   4.9291923e-01
   7.8300000e+02   4.8637718e-01
   7.8200000e+02   4.7960605e-01
   7.8100000e+02   4.7260460e-01
   7.8000000e+02   4.6537038e-01
   7.7900000e+02   4.5790176e-01
   7.7800000e+02   4.5020163e-01
   7.7700000e+02   4.4227474e-01
   7.7600000e+02   4.3412785e-01
   7.7500000e+02   4.2577014e-01
   7.7400000e+02   4.1721685e-01
   7.7300000e+02   4.0850428e-01
   7.7200000e+02   3.9967941e-01
   7.7100000e+02   3.9079338e-01
   7.7000000e+02   3.8190113e-01
   7.6900000e+02   3.7304958e-01
   7.6800000e+02   3.6425378e-01
   7.6700000e+02   3.5552377e-01
   7.6600000e+02   3.4687230e-01
   7.6500000e+02   3.3831631e-01
   7.6400000e+02   3.2989299e-01
   7.6300000e+02   3.2166894e-01
   7.6200000e+02   3.1371497e-01
   7.6100000e+02   3.0610144e-01
   7.6000000e+02   2.9889543e-01
   7.5900000e+02   2.9214330e-01
   7.5800000e+02   2.8588532e-01
   7.5700000e+02   2.8016256e-01
   7.5600000e+02   2.7501422e-01
   7.5500000e+02   2.7047929e-01
   7.5400000e+02   2.6660062e-01
   7.5300000e+02   2.6341658e-01
   7.5200000e+02   2.6095768e-01
   7.5100000e+02   2.5924568e-01
   7.5000000e+02   2.5829177e-01
   7.4900000e+02   2.5808904e-01
   7.4800000e+02   2.5861058e-01
   7.4700000e+02   2.5981537e-01
   7.4600000e+02   2.6165301e-01
   7.4500000e+02   2.6408059e-01
   7.4400000e+02   2.6706689e-01
   7.4300000e+02   2.7058954e-01
   7.4200000e+02   2.7463344e-01
   7.4100000e+02   2.7917492e-01
   7.4000000e+02   2.8416917e-01
   7.3900000e+02   2.8956071e-01
   7.3800000e+02   2.9527954e-01
   7.3700000e+02   3.0125353e-01
   7.3600000e+02   3.0743401e-01
   7.3500000e+02   3.1378148e-01
   7.3400000e+02   3.2025908e-01
   7.3300000e+02   3.2683063e-01
   7.3200000e+02   3.3343766e-01
   7.3100000e+02   3.4000434e-01
   7.3000000e+02   3.4645700e-01
   7.2900000e+02   3.5272812e-01
   7.2800000e+02   3.5877276e-01
   7.2700000e+02   3.6457281e-01
   7.2600000e+02   3.7011592e-01
   7.2500000e+02   3.7539258e-01
   7.2400000e+02   3.8039523e-01
   7.2300000e+02   3.8511726e-01
   7.2200000e+02   3.8955080e-01
   7.2100000e+02   3.9368615e-01
   7.2000000e+02   3.9750874e-01
   7.1900000e+02   4.0098415e-01
   7.1800000e+02   4.0407599e-01
   7.1700000e+02   4.0675846e-01
   7.1600000e+02   4.0901869e-01
   7.1500000e+02   4.1087211e-01
   7.1400000e+02   4.1234170e-01
   7.1300000e+02   4.1344224e-01
   7.1200000e+02   4.1417914e-01
   7.1100000e+02   4.1454133e-01
   7.1000000e+02   4.1451607e-01
   7.0900000e+02   4.1410166e-01
   7.0800000e+02   4.1330779e-01
   7.0700000e+02   4.1215428e-01
   7.0600000e+02   4.1066141e-01
   7.0500000e+02   4.0884490e-01
   7.0400000e+02   4.0671634e-01
   7.0300000e+02   4.0428891e-01
   7.0200000e+02   4.0158385e-01
   7.0100000e+02   3.9862917e-01
   7.0000000e+02   3.9545868e-01
   6.9900000e+02   3.9210353e-01
   6.9800000e+02   3.8858728e-01
   6.9700000e+02   3.8493177e-01
   6.9600000e+02   3.8115839e-01
   6.9500000e+02   3.7729352e-01
   6.9400000e+02   3.7337013e-01
   6.9300000e+02   3.6942425e-01
   6.9200000e+02   3.6549497e-01
   6.9100000e+02   3.6162792e-01
   6.9000000e+02   3.5787303e-01
   6.8900000e+02   3.5428028e-01
   6.8800000e+02   3.5089891e-01
   6.8700000e+02   3.4777140e-01
   6.8600000e+02   3.4493492e-01
   6.8500000e+02   3.4242237e-01
   6.8400000e+02   3.4026073e-01
   6.8300000e+02   3.3846937e-01
   6.8200000e+02   3.3706508e-01
   6.8100000e+02   3.3606329e-01
   6.8000000e+02   3.3547784e-01
   6.7900000e+02   3.3531721e-01
   6.7800000e+02   3.3557974e-01
   6.7700000e+02   3.3625369e-01
   6.7600000e+02   3.3732123e-01
   6.7500000e+02   3.3876324e-01
   6.7400000e+02   3.4055869e-01
   6.7300000e+02   3.4268354e-01
   6.7200000e+02   3.4510211e-01
   6.7100000e+02   3.4776787e-01
   6.7000000e+02   3.5062811e-01
   6.6900000e+02   3.5363103e-01
   6.6800000e+02   3.5673675e-01
   6.6700000e+02   3.5991104e-01
   6.6600000e+02   3.6312342e-01
   6.6500000e+02   3.6634644e-01
   6.6400000e+02   3.6955356e-01
   6.6300000e+02   3.7271803e-01
   6.6200000e+02   3.7581140e-01
   6.6100000e+02   3.7879958e-01
   6.6000000e+02   3.8165068e-01
   6.5900000e+02   3.8433669e-01
   6.5800000e+02   3.8683407e-01
   6.5700000e+02   3.8912592e-01
   6.5600000e+02   3.9119943e-01
   6.5500000e+02   3.9304454e-01
   6.5400000e+02   3.9465166e-01
   6.5300000e+02   3.9601648e-01
   6.5200000e+02   3.9714195e-01
   6.5100000e+02   3.9804267e-01
   6.5000000e+02   3.9874007e-01
   6.4900000e+02   3.9925527e-01
   6.4800000e+02   3.9960812e-01
   6.4700000e+02   3.9981635e-01
   6.4600000e+02   3.9990434e-01
   6.4500000e+02   3.9990202e-01
   6.4400000e+02   3.9984345e-01
   6.4300000e+02   3.9976238e-01
   6.4200000e+02   3.9969220e-01
   6.4100000e+02   3.9966513e-01
   6.4000000e+02   3.9970963e-01
   6.3900000e+02   3.9984982e-01
   6.3800000e+02   4.0010587e-01
   6.3700000e+02   4.0050110e-01
   6.3600000e+02   4.0105996e-01
   6.3500000e+02   4.0180575e-01
   6.3400000e+02   4.0274921e-01
   6.3300000e+02   4.0388989e-01
   6.3200000e+02   4.0522091e-01
   6.3100000e+02   4.0673691e-01
   6.3000000e+02   4.0843432e-01
   6.2900000e+02   4.1030644e-01
   6.2800000e+02   4.1234008e-01
   6.2700000e+02   4.1451501e-01
   6.2600000e+02   4.1680975e-01
   6.2500000e+02   4.1920958e-01
   6.2400000e+02   4.2171545e-01
   6.2300000e+02   4.2433120e-01
   6.2200000e+02   4.2705512e-01
   6.2100000e+02   4.2986121e-01
   6.2000000e+02   4.3271868e-01
   6.1900000e+02   4.3560436e-01
   6.1800000e+02   4.3852725e-01
   6.1700000e+02   4.4150788e-01
   6.1600000e+02   4.4456322e-01
   6.1500000e+02   4.4767676e-01
   6.1400000e+02   4.5081730e-01
   6.1300000e+02   4.5395788e-01
   6.1200000e+02   4.5710070e-01
   6.1100000e+02   4.6026145e-01
   6.1000000e+02   4.6345313e-01
   6.0900000e+02   4.6666653e-01
   6.0800000e+02   4.6988157e-01
   6.0700000e+02   4.7308032e-01
   6.0600000e+02   4.7626741e-01
   6.0500000e+02   4.7945608e-01
   6.0400000e+02   4.8265250e-01
   6.0300000e+02   4.8582641e-01
   6.0200000e+02   4.8893303e-01
   6.0100000e+02   4.9193560e-01
   6.0000000e+02   4.9482942e-01
   5.9900000e+02   4.9761976e-01
   5.9800000e+02   5.0030337e-01
   5.9700000e+02   5.0284595e-01
   5.9600000e+02   5.0520946e-01
   5.9500000e+02   5.0737093e-01
   5.9400000e+02   5.0934134e-01
   5.9300000e+02   5.1113725e-01
   5.9200000e+02   5.1276466e-01
   5.9100000e+02   5.1420741e-01
   5.9000000e+02   5.1544874e-01
   5.8900000e+02   5.1648537e-01
   5.8800000e+02   5.1732970e-01
   5.8700000e+02   5.1799370e-01
   5.8600000e+02   5.1848302e-01
   5.8500000e+02   5.1879890e-01
   5.8400000e+02   5.1894367e-01
   5.8300000e+02   5.1892912e-01
   5.8200000e+02   5.1876920e-01
   5.8100000e+02   5.1848158e-01
   5.8000000e+02   5.1810071e-01
   5.7900000e+02   5.1766182e-01
   5.7800000e+02   5.1718125e-01
   5.7700000e+02   5.1665334e-01
   5.7600000e+02   5.1607341e-01
   5.7500000e+02   5.1545580e-01
   5.7400000e+02   5.1482557e-01
   5.7300000e+02   5.1420704e-01
   5.7200000e+02   5.1362185e-01
   5.7100000e+02   5.1309102e-01
   5.7000000e+02   5.1262475e-01
   5.6900000e+02   5.1221932e-01
   5.6800000e+02   5.1187133e-01
   5.6700000e+02   5.1158384e-01
   5.6600000e+02   5.1136375e-01
   5.6500000e+02   5.1121821e-01
   5.6400000e+02   5.1115445e-01
   5.6300000e+02   5.1117881e-01
   5.6200000e+02   5.1128594e-01
   5.6100000e+02   5.1146170e-01
   5.6000000e+02   5.1169368e-01
   5.5900000e+02   5.1197671e-01
   5.5800000e+02   5.1230672e-01
   5.5700000e+02   5.1267527e-01
   5.5600000e+02   5.1307003e-01
   5.5500000e+02   5.1348170e-01
   5.5400000e+02   5.1391216e-01
   5.5300000e+02   5.1436538e-01
   5.5200000e+02   5.1483437e-01
   5.5100000e+02   5.1530182e-01
   5.5000000e+02   5.1575298e-01
   5.4900000e+02   5.1618314e-01
   5.4800000e+02   5.1659083e-01
   5.4700000e+02   5.1697170e-01
   5.4600000e+02   5.1731858e-01
   5.4500000e+02   5.1762863e-01
   5.4400000e+02   5.1790958e-01
   5.4300000e+02   5.1816802e-01
   5.4200000e+02   5.1839289e-01
   5.4100000e+02   5.1856633e-01
   5.4000000e+02   5.1868508e-01
   5.3900000e+02   5.1876286e-01
   5.3800000e+02   5.1880680e-01
   5.3700000e+02   5.1880670e-01
   5.3600000e+02   5.1875036e-01
   5.3500000e+02   5.1863333e-01
   5.3400000e+02   5.1845631e-01
   5.3300000e+02   5.1822602e-01
   5.3200000e+02   5.1795465e-01
   5.3100000e+02   5.1764635e-01
   5.3000000e+02   5.1728734e-01
   5.2900000e+02   5.1686468e-01
   5.2800000e+02   5.1637908e-01
   5.2700000e+02   5.1583561e-01
   5.2600000e+02   5.1524765e-01
   5.2500000e+02   5.1463579e-01
   5.2400000e+02   5.1400617e-01
   5.2300000e+02   5.1334641e-01
   5.2200000e+02   5.1264567e-01
   5.2100000e+02   5.1189872e-01
   5.2000000e+02   5.1110638e-01
   5.1900000e+02   5.1030121e-01
   5.1800000e+02   5.0951933e-01
   5.1700000e+02   5.0874053e-01
   5.1600000e+02   5.0792242e-01
   5.1500000e+02   5.0707219e-01
   5.1400000e+02   5.0623436e-01
   5.1300000e+02   5.0542535e-01
   5.1200000e+02   5.0463282e-01
   5.1100000e+02   5.0384555e-01
   5.1000000e+02   5.0305537e-01
   5.0900000e+02   5.0225493e-01
   5.0800000e+02   5.0143938e-01
   5.0700000e+02   5.0061555e-01
   5.0600000e+02   4.9982268e-01
   5.0500000e+02   4.9908515e-01
   5.0400000e+02   4.9836644e-01
   5.0300000e+02   4.9763404e-01
   5.0200000e+02   4.9691525e-01
   5.0100000e+02   4.9623854e-01
   5.0000000e+02   4.9557794e-01
   4.9900000e+02   4.9490393e-01
   4.9800000e+02   4.9424092e-01
   4.9700000e+02   4.9361794e-01
   4.9600000e+02   4.9299077e-01
   4.9500000e+02   4.9231125e-01
   4.9400000e+02   4.9164264e-01
   4.9300000e+02   4.9105166e-01
   4.9200000e+02   4.9046789e-01
   4.9100000e+02   4.8982220e-01
   4.9000000e+02   4.8918875e-01
   4.8900000e+02   4.8863139e-01
   4.8800000e+02   4.8807592e-01
   4.8700000e+02   4.8746705e-01
   4.8600000e+02   4.8688162e-01
   4.8500000e+02   4.8636371e-01
   4.8400000e+02   4.8583048e-01
   4.8300000e+02   4.8523503e-01
   4.8200000e+02   4.8462011e-01
   4.8100000e+02   4.8402952e-01
   4.8000000e+02   4.8349280e-01
   4.7900000e+02   4.8296892e-01
   4.7800000e+02   4.8237532e-01
   4.7700000e+02   4.8175956e-01
   4.7600000e+02   4.8121931e-01
   4.7500000e+02   4.8070159e-01
   4.7400000e+02   4.8013100e-01
   4.7300000e+02   4.7954843e-01
   4.7200000e+02   4.7899719e-01
   4.7100000e+02   4.7846000e-01
   4.7000000e+02   4.7790550e-01
   4.6900000e+02   4.7730005e-01
   4.6800000e+02   4.7668836e-01
   4.6700000e+02   4.7615132e-01
   4.6600000e+02   4.7563481e-01
   4.6500000e+02   4.7507423e-01
   4.6400000e+02   4.7451042e-01
   4.6300000e+02   4.7396810e-01
   4.6200000e+02   4.7342573e-01
   4.6100000e+02   4.7286582e-01
   4.6000000e+02   4.7228313e-01
   4.5900000e+02   4.7171102e-01
   4.5800000e+02   4.7117577e-01
   4.5700000e+02   4.7065656e-01
   4.5600000e+02   4.7012711e-01
   4.5500000e+02   4.6956902e-01
   4.5400000e+02   4.6900709e-01
   4.5300000e+02   4.6846509e-01
   4.5200000e+02   4.6792238e-01
   4.5100000e+02   4.6737646e-01
   4.5000000e+02   4.6684537e-01
   4.4900000e+02   4.6632623e-01
   4.4800000e+02   4.6581572e-01
   4.4700000e+02   4.6532327e-01
   4.4600000e+02   4.6481978e-01
   4.4500000e+02   4.6427654e-01
   4.4400000e+02   4.6378934e-01
   4.4300000e+02   4.6337563e-01
   4.4200000e+02   4.6292792e-01
   4.4100000e+02   4.6247655e-01
   4.4000000e+02   4.6206944e-01
   4.3900000e+02   4.6165159e-01
   4.3800000e+02   4.6123571e-01
   4.3700000e+02   4.6086346e-01
   4.3600000e+02   4.6051598e-01
   4.3500000e+02   4.6019670e-01
   4.3400000e+02   4.5992417e-01
   4.3300000e+02   4.5966826e-01
   4.3200000e+02   4.5941389e-01
   4.3100000e+02   4.5917063e-01
   4.3000000e+02   4.5893588e-01
   4.2900000e+02   4.5876498e-01
   4.2800000e+02   4.5872290e-01
   4.2700000e+02   4.5867721e-01
   4.2600000e+02   4.5860612e-01
   4.2500000e+02   4.5860429e-01
   4.2400000e+02   4.5864519e-01
   4.2300000e+02   4.5873616e-01
   4.2200000e+02   4.5890919e-01
   4.2100000e+02   4.5915369e-01
   4.2000000e+02   4.5943468e-01
   4.1900000e+02   4.5972993e-01
   4.1800000e+02   4.6006483e-01
   4.1700000e+02   4.6050015e-01
   4.1600000e+02   4.6100599e-01
   4.1500000e+02   4.6151250e-01
   4.1400000e+02   4.6210705e-01
   4.1300000e+02   4.6274823e-01
   4.1200000e+02   4.6339433e-01
   4.1100000e+02   4.6413348e-01
   4.1000000e+02   4.6492661e-01
   4.0900000e+02   4.6574758e-01
   4.0800000e+02   4.6661972e-01
   4.0700000e+02   4.6753828e-01
   4.0600000e+02   4.6844836e-01
   4.0500000e+02   4.6939014e-01
   4.0400000e+02   4.7041323e-01
   4.0300000e+02   4.7138028e-01
   4.0200000e+02   4.7235880e-01
   4.0100000e+02   4.7335791e-01
   4.0000000e+02   4.7434751e-01
   3.9900000e+02   4.7543725e-01
   3.9800000e+02   4.7643584e-01
   3.9700000e+02   4.7737868e-01
   3.9600000e+02   4.7835303e-01
   3.9500000e+02   4.7927779e-01
   3.9400000e+02   4.8014936e-01
   3.9300000e+02   4.8107244e-01
   3.9200000e+02   4.8189046e-01
   3.9100000e+02   4.8255873e-01
   3.9000000e+02   4.8332526e-01
   3.8900000e+02   4.8404172e-01
   3.8800000e+02   4.8465438e-01
   3.8700000e+02   4.8517596e-01
   3.8600000e+02   4.8566770e-01
   3.8500000e+02   4.8619451e-01
   3.8400000e+02   4.8670933e-01
   3.8300000e+02   4.8713704e-01
   3.8200000e+02   4.8754914e-01
   3.8100000e+02   4.8799369e-01
   3.8000000e+02   4.8848741e-01
   3.7900000e+02   4.8899934e-01
   3.7800000e+02   4.8952132e-01
   3.7700000e+02   4.9019599e-01
   3.7600000e+02   4.9073061e-01
   3.7500000e+02   4.9137203e-01
   3.7400000e+02   4.9200029e-01
   3.7300000e+02   4.9265008e-01
   3.7200000e+02   4.9338322e-01
   3.7100000e+02   4.9402490e-01
   3.7000000e+02   4.9467881e-01
   3.6900000e+02   4.9524073e-01
   3.6800000e+02   4.9581465e-01
   3.6700000e+02   4.9637301e-01
   3.6600000e+02   4.9689087e-01
   3.6500000e+02   4.9744768e-01
   3.6400000e+02   4.9792274e-01
   3.6300000e+02   4.9834898e-01
   3.6200000e+02   4.9881803e-01
   3.6100000e+02   4.9923491e-01
   3.6000000e+02   4.9966703e-01
   3.5900000e+02   5.0011552e-01
   3.5800000e+02   5.0048200e-01
   3.5700000e+02   5.0091962e-01
   3.5600000e+02   5.0138590e-01
   3.5500000e+02   5.0183417e-01
   3.5400000e+02   5.0227604e-01
   3.5300000e+02   5.0277355e-01
   3.5200000e+02   5.0320903e-01
   3.5100000e+02   5.0372914e-01
   3.5000000e+02   5.0430818e-01
   3.4900000e+02   5.0498590e-01
   3.4800000e+02   5.0550996e-01
   3.4700000e+02   5.0609153e-01
   3.4600000e+02   5.0679113e-01
   3.4500000e+02   5.0751363e-01
   3.4400000e+02   5.0815875e-01
   3.4300000e+02   5.0889093e-01
   3.4200000e+02   5.0977514e-01
   3.4100000e+02   5.1055001e-01
   3.4000000e+02   5.1144125e-01
   3.3900000e+02   5.1233377e-01
   3.3800000e+02   5.1317236e-01
   3.3700000e+02   5.1421499e-01
   3.3600000e+02   5.1519273e-01
   3.3500000e+02   5.1622941e-01
   3.3400000e+02   5.1730886e-01
   3.3300000e+02   5.1847463e-01
   3.3200000e+02   5.1963580e-01
   3.3100000e+02   5.2077903e-01
   3.3000000e+02   5.2196648e-01
   3.2900000e+02   5.2336171e-01
   3.2800000e+02   5.2460701e-01
   3.2700000e+02   5.2597236e-01
   3.2600000e+02   5.2742003e-01
   3.2500000e+02   5.2881980e-01
   3.2400000e+02   5.3028128e-01
   3.2300000e+02   5.3184241e-01
   3.2200000e+02   5.3336936e-01
   3.2100000e+02   5.3508991e-01
   3.2000000e+02   5.3669513e-01
   3.1900000e+02   5.3834606e-01
   3.1800000e+02   5.4018244e-01
   3.1700000e+02   5.4199147e-01
   3.1600000e+02   5.4390760e-01
   3.1500000e+02   5.4581921e-01
   3.1400000e+02   5.4773223e-01
   3.1300000e+02   5.4973949e-01
   3.1200000e+02   5.5185014e-01
   3.1100000e+02   5.5386587e-01
   3.1000000e+02   5.5633160e-01
   3.0900000e+02   5.5853537e-01
   3.0800000e+02   5.6100768e-01
   3.0700000e+02   5.6358134e-01
   3.0600000e+02   5.6605431e-01
   3.0500000e+02   5.6896857e-01
   3.0400000e+02   5.7204365e-01
   3.0300000e+02   5.7504747e-01
   3.0200000e+02   5.7879171e-01
   3.0100000e+02   5.8237592e-01
   3.0000000e+02   5.8653300e-01
   2.9900000e+02   5.9117618e-01
   2.9800000e+02   5.9563882e-01
   2.9700000e+02   6.0089907e-01
   2.9600000e+02   6.0659154e-01
   2.9500000e+02   6.1254075e-01
   2.9400000e+02   6.1881442e-01
   2.9300000e+02   6.2537027e-01
   2.9200000e+02   6.3212214e-01
   2.9100000e+02   6.3895930e-01
   2.9000000e+02   6.4670513e-01
   2.8900000e+02   6.5353536e-01
   2.8800000e+02   6.6064550e-01
   2.8700000e+02   6.6759345e-01
   2.8600000e+02   6.7424386e-01
   2.8500000e+02   6.8045294e-01
   2.8400000e+02   6.8643704e-01
   2.8300000e+02   6.9173480e-01
   2.8200000e+02   6.9620441e-01
   2.8100000e+02   6.9976449e-01
   2.8000000e+02   7.0302386e-01
   2.7900000e+02   7.0489979e-01
   2.7800000e+02   7.0623896e-01
   2.7700000e+02   7.0653861e-01
   2.7600000e+02   7.0607572e-01
   2.7500000e+02   7.0507216e-01
   2.7400000e+02   7.0342667e-01
   2.7300000e+02   7.0146227e-01
   2.7200000e+02   6.9920974e-01
   2.7100000e+02   6.9683783e-01
   2.7000000e+02   6.9446120e-01
   2.6900000e+02   6.9216426e-01
   2.6800000e+02   6.8983725e-01
   2.6700000e+02   6.8762705e-01
   2.6600000e+02   6.8536197e-01
   2.6500000e+02   6.8336264e-01
   2.6400000e+02   6.8129644e-01
   2.6300000e+02   6.7926927e-01
   2.6200000e+02   6.7715797e-01
   2.6100000e+02   6.7520903e-01
   2.6000000e+02   6.7299128e-01
   2.5900000e+02   6.7087191e-01
   2.5800000e+02   6.6867668e-01
   2.5700000e+02   6.6641763e-01
   2.5600000e+02   6.6407117e-01
   2.5500000e+02   6.6162417e-01
   2.5400000e+02   6.5920581e-01
   2.5300000e+02   6.5682300e-01
   2.5200000e+02   6.5403588e-01
   2.5100000e+02   6.5134517e-01
   2.5000000e+02   6.4848433e-01
   2.4900000e+02   6.4585829e-01
   2.4800000e+02   6.4292723e-01
   2.4700000e+02   6.3996130e-01
   2.4600000e+02   6.3709902e-01
   2.4500000e+02   6.3435109e-01
   2.4400000e+02   6.3109299e-01
   2.4300000e+02   6.2835130e-01
   2.4200000e+02   6.2522437e-01
   2.4100000e+02   6.2250864e-01
   2.4000000e+02   6.1958275e-01
   2.3900000e+02   6.1662803e-01
   2.3800000e+02   6.1395212e-01
   2.3700000e+02   6.1137474e-01
   2.3600000e+02   6.0879227e-01
   2.3500000e+02   6.0648280e-01
   2.3400000e+02   6.0435432e-01
   2.3300000e+02   6.0226117e-01
   2.3200000e+02   6.0069182e-01
   2.3100000e+02   5.9899794e-01
   2.3000000e+02   5.9769890e-01
   2.2900000e+02   5.9673513e-01
   2.2800000e+02   5.9614428e-01
   2.2700000e+02   5.9591689e-01
   2.2600000e+02   5.9613319e-01
   2.2500000e+02   5.9663991e-01
   2.2400000e+02   5.9775367e-01
   2.2300000e+02   5.9915951e-01
   2.2200000e+02   6.0103681e-01
   2.2100000e+02   6.0348944e-01
   2.2000000e+02   6.0642338e-01
   2.1900000e+02   6.0987501e-01
   2.1800000e+02   6.1311959e-01
   2.1700000e+02   6.1704282e-01
   2.1600000e+02   6.2110067e-01
   2.1500000e+02   6.2549279e-01
   2.1400000e+02   6.2943268e-01
   2.1300000e+02   6.3339501e-01
   2.1200000e+02   6.3700489e-01
   2.1100000e+02   6.4041304e-01
   2.1000000e+02   6.4330070e-01
   2.0900000e+02   6.4567795e-01
   2.0800000e+02   6.4753247e-01
   2.0700000e+02   6.4894892e-01
   2.0600000e+02   6.4984320e-01
   2.0500000e+02   6.5019969e-01
   2.0400000e+02   6.5067325e-01
   2.0300000e+02   6.5057102e-01
   2.0200000e+02   6.5069181e-01
   2.0100000e+02   6.5050529e-01
   2.0000000e+02   6.5041238e-01
