   1.1000000e+03   1.5850351e-01
   1.0990000e+03   1.6286181e-01
   1.0980000e+03   1.6722638e-01
   1.0970000e+03   1.7159646e-01
   1.0960000e+03   1.7597164e-01
   1.0950000e+03   1.8035150e-01
   1.0940000e+03   1.8473559e-01
   1.0930000e+03   1.8912353e-01
   1.0920000e+03   1.9351537e-01
   1.0910000e+03   1.9791057e-01
   1.0900000e+03   2.0230929e-01
   1.0890000e+03   2.0671154e-01
   1.0880000e+03   2.1111955e-01
   1.0870000e+03   2.1553540e-01
   1.0860000e+03   2.1996177e-01
   1.0850000e+03   2.2440084e-01
   1.0840000e+03   2.2885523e-01
   1.0830000e+03   2.3332734e-01
   1.0820000e+03   2.3781964e-01
   1.0810000e+03   2.4233469e-01
   1.0800000e+03   2.4687494e-01
   1.0790000e+03   2.5144110e-01
   1.0780000e+03   2.5602776e-01
   1.0770000e+03   2.6062775e-01
   1.0760000e+03   2.6523397e-01
   1.0750000e+03   2.6983925e-01
   1.0740000e+03   2.7443674e-01
   1.0730000e+03   2.7901959e-01
   1.0720000e+03   2.8358066e-01
   1.0710000e+03   2.8811337e-01
   1.0700000e+03   2.9261107e-01
   1.0690000e+03   2.9706873e-01
   1.0680000e+03   3.0148697e-01
   1.0670000e+03   3.0586793e-01
   1.0660000e+03   3.1021393e-01
   1.0650000e+03   3.1452713e-01
   1.0640000e+03   3.1880968e-01
   1.0630000e+03   3.2306362e-01
   1.0620000e+03   3.2729116e-01
   1.0610000e+03   3.3149458e-01
   1.0600000e+03   3.3567577e-01
   1.0590000e+03   3.3983637e-01
   1.0580000e+03   3.4397535e-01
   1.0570000e+03   3.4809119e-01
   1.0560000e+03   3.5218244e-01
   1.0550000e+03   3.5624781e-01
   1.0540000e+03   3.6028569e-01
   1.0530000e+03   3.6429487e-01
   1.0520000e+03   3.6827409e-01
   1.0510000e+03   3.7222204e-01
   1.0500000e+03   3.7613748e-01
   1.0490000e+03   3.8001950e-01
   1.0480000e+03   3.8386781e-01
   1.0470000e+03   3.8768250e-01
   1.0460000e+03   3.9146345e-01
   1.0450000e+03   3.9521070e-01
   1.0440000e+03   3.9892423e-01
   1.0430000e+03   4.0260418e-01
   1.0420000e+03   4.0625040e-01
   1.0410000e+03   4.0986310e-01
   1.0400000e+03   4.1344214e-01
   1.0390000e+03   4.1698754e-01
   1.0380000e+03   4.2049851e-01
   1.0370000e+03   4.2397431e-01
   1.0360000e+03   4.2741408e-01
   1.0350000e+03   4.3081693e-01
   1.0340000e+03   4.3418221e-01
   1.0330000e+03   4.3750937e-01
   1.0320000e+03   4.4079745e-01
   1.0310000e+03   4.4404608e-01
   1.0300000e+03   4.4725450e-01
   1.0290000e+03   4.5042258e-01
   1.0280000e+03   4.5355191e-01
   1.0270000e+03   4.5664439e-01
   1.0260000e+03   4.5970174e-01
   1.0250000e+03   4.6272576e-01
   1.0240000e+03   4.6571816e-01
   1.0230000e+03   4.6868058e-01
   1.0220000e+03   4.7161452e-01
   1.0210000e+03   4.7452147e-01
   1.0200000e+03   4.7740293e-01
   1.0190000e+03   4.8025940e-01
   1.0180000e+03   4.8308842e-01
   1.0170000e+03   4.8588684e-01
   1.0160000e+03   4.8865159e-01
   1.0150000e+03   4.9137986e-01
   1.0140000e+03   4.9406889e-01
   1.0130000e+03   4.9671601e-01
   1.0120000e+03   4.9931873e-01
   1.0110000e+03   5.0187463e-01
   1.0100000e+03   5.0438154e-01
   1.0090000e+03   5.0683816e-01
   1.0080000e+03   5.0924625e-01
   1.0070000e+03   5.1160836e-01
   1.0060000e+03   5.1392693e-01
   1.0050000e+03   5.1620416e-01
   1.0040000e+03   5.1844248e-01
   1.0030000e+03   5.2064385e-01
   1.0020000e+03   5.2281036e-01
   1.0010000e+03   5.2494397e-01
   1.0000000e+03   5.2704644e-01
   9.9900000e+02   5.2911933e-01
   9.9800000e+02   5.3116307e-01
   9.9700000e+02   5.3317773e-01
   9.9600000e+02   5.3516364e-01
   9.9500000e+02   5.3712079e-01
   9.9400000e+02   5.3904927e-01
   9.9300000e+02   5.4094925e-01
   9.9200000e+02   5.4282067e-01
   9.9100000e+02   5.4466367e-01
   9.9000000e+02   5.4647826e-01
   9.8900000e+02   5.4826293e-01
   9.8800000e+02   5.5001099e-01
   9.8700000e+02   5.5171455e-01
   9.8600000e+02   5.5336641e-01
   9.8500000e+02   5.5495975e-01
   9.8400000e+02   5.5648824e-01
   9.8300000e+02   5.5794596e-01
   9.8200000e+02   5.5932748e-01
   9.8100000e+02   5.6062765e-01
   9.8000000e+02   5.6184188e-01
   9.7900000e+02   5.6296933e-01
   9.7800000e+02   5.6402327e-01
   9.7700000e+02   5.6501961e-01
   9.7600000e+02   5.6597350e-01
   9.7500000e+02   5.6689912e-01
   9.7400000e+02   5.6780989e-01
   9.7300000e+02   5.6871830e-01
   9.7200000e+02   5.6963618e-01
   9.7100000e+02   5.7057422e-01
   9.7000000e+02   5.7154233e-01
   9.6900000e+02   5.7254521e-01
   9.6800000e+02   5.7357066e-01
   9.6700000e+02   5.7460297e-01
   9.6600000e+02   5.7562752e-01
   9.6500000e+02   5.7663055e-01
   9.6400000e+02   5.7759948e-01
   9.6300000e+02   5.7852265e-01
   9.6200000e+02   5.7938953e-01
   9.6100000e+02   5.8019064e-01
   9.6000000e+02   5.8091749e-01
   9.5900000e+02   5.8156546e-01
   9.5800000e+02   5.8214185e-01
   9.5700000e+02   5.8265633e-01
   9.5600000e+02   5.8311771e-01
   9.5500000e+02   5.8353408e-01
   9.5400000e+02   5.8391287e-01
   9.5300000e+02   5.8426076e-01
   9.5200000e+02   5.8458371e-01
   9.5100000e+02   5.8488700e-01
   9.5000000e+02   5.8517519e-01
   9.4900000e+02   5.8545072e-01
   9.4800000e+02   5.8571034e-01
   9.4700000e+02   5.8594966e-01
   9.4600000e+02   5.8616451e-01
   9.4500000e+02   5.8635098e-01
   9.4400000e+02   5.8650538e-01
   9.4300000e+02   5.8662433e-01
   9.4200000e+02   5.8670470e-01
   9.4100000e+02   5.8674369e-01
   9.4000000e+02   5.8673874e-01
   9.3900000e+02   5.8668761e-01
   9.3800000e+02   5.8658818e-01
   9.3700000e+02   5.8643868e-01
   9.3600000e+02   5.8623763e-01
   9.3500000e+02   5.8598397e-01
   9.3400000e+02   5.8567694e-01
   9.3300000e+02   5.8531615e-01
   9.3200000e+02   5.8490156e-01
   9.3100000e+02   5.8443351e-01
   9.3000000e+02   5.8391262e-01
   9.2900000e+02   5.8334023e-01
   9.2800000e+02   5.8271887e-01
   9.2700000e+02   5.8205087e-01
   9.2600000e+02   5.8133791e-01
   9.2500000e+02   5.8058110e-01
   9.2400000e+02   5.7978088e-01
   9.2300000e+02   5.7893712e-01
   9.2200000e+02   5.7804900e-01
   9.2100000e+02   5.7711506e-01
   9.2000000e+02   5.7613313e-01
   9.1900000e+02   5.7510042e-01
   9.1800000e+02   5.7401416e-01
   9.1700000e+02   5.7287186e-01
   9.1600000e+02   5.7167132e-01
   9.1500000e+02   5.7041066e-01
   9.1400000e+02   5.6908834e-01
   9.1300000e+02   5.6770316e-01
   9.1200000e+02   5.6625425e-01
   9.1100000e+02   5.6474115e-01
   9.1000000e+02   5.6316380e-01
   9.0900000e+02   5.6152238e-01
   9.0800000e+02   5.5981680e-01
   9.0700000e+02   5.5804688e-01
   9.0600000e+02   5.5621260e-01
   9.0500000e+02   5.5431399e-01
   9.0400000e+02   5.5235130e-01
   9.0300000e+02   5.5032479e-01
   9.0200000e+02   5.4823487e-01
   9.0100000e+02   5.4608205e-01
   9.0000000e+02   5.4386701e-01
   8.9900000e+02   5.4159022e-01
   8.9800000e+02   5.3925069e-01
   8.9700000e+02   5.3684683e-01
   8.9600000e+02   5.3437684e-01
   8.9500000e+02   5.3183856e-01
   8.9400000e+02   5.2922948e-01
   8.9300000e+02   5.2654689e-01
   8.9200000e+02   5.2378764e-01
   8.9100000e+02   5.2094834e-01
   8.9000000e+02   5.1802518e-01
   8.8900000e+02   5.1501442e-01
   8.8800000e+02   5.1191401e-01
   8.8700000e+02   5.0872222e-01
   8.8600000e+02   5.0543742e-01
   8.8500000e+02   5.0205809e-01
   8.8400000e+02   4.9858255e-01
   8.8300000e+02   4.9500932e-01
   8.8200000e+02   4.9133701e-01
   8.8100000e+02   4.8756407e-01
   8.8000000e+02   4.8368929e-01
   8.7900000e+02   4.7971119e-01
   8.7800000e+02   4.7562826e-01
   8.7700000e+02   4.7143881e-01
   8.7600000e+02   4.6714118e-01
   8.7500000e+02   4.6273383e-01
   8.7400000e+02   4.5821510e-01
   8.7300000e+02   4.5358363e-01
   8.7200000e+02   4.4883786e-01
   8.7100000e+02   4.4397643e-01
   8.7000000e+02   4.3899795e-01
   8.6900000e+02   4.3390083e-01
   8.6800000e+02   4.2868138e-01
   8.6700000e+02   4.2333549e-01
   8.6600000e+02   4.1785859e-01
   8.6500000e+02   4.1224616e-01
   8.6400000e+02   4.0649319e-01
   8.6300000e+02   4.0059468e-01
   8.6200000e+02   3.9454543e-01
   8.6100000e+02   3.8833992e-01
   8.6000000e+02   3.8197250e-01
   8.5900000e+02   3.7543914e-01
   8.5800000e+02   3.6874312e-01
   8.5700000e+02   3.6189027e-01
   8.5600000e+02   3.5488750e-01
   8.5500000e+02   3.4774264e-01
   8.5400000e+02   3.4046450e-01
   8.5300000e+02   3.3306308e-01
   8.5200000e+02   3.2554946e-01
   8.5100000e+02   3.1793580e-01
   8.5000000e+02   3.1023516e-01
   8.4900000e+02   3.0245964e-01
   8.4800000e+02   2.9461249e-01
   8.4700000e+02   2.8669464e-01
   8.4600000e+02   2.7870762e-01
   8.4500000e+02   2.7065209e-01
   8.4400000e+02   2.6252990e-01
   8.4300000e+02   2.5434211e-01
   8.4200000e+02   2.4609084e-01
   8.4100000e+02   2.3777785e-01
   8.4000000e+02   2.2940545e-01
   8.3900000e+02   2.2097589e-01
   8.3800000e+02   2.1248982e-01
   8.3700000e+02   2.0394769e-01
   8.3600000e+02   1.9535055e-01
   8.3500000e+02   1.8670018e-01
   8.3400000e+02   1.7799945e-01
   8.3300000e+02   1.6925187e-01
   8.3200000e+02   1.6046275e-01
   8.3100000e+02   1.5163853e-01
   8.3000000e+02   1.4278724e-01
   8.2900000e+02   1.3392272e-01
   8.2800000e+02   1.2507600e-01
   8.2700000e+02   1.1628283e-01
   8.2600000e+02   1.0758035e-01
   8.2500000e+02   9.9006922e-02
   8.2400000e+02   9.0601075e-02
   8.2300000e+02   8.2401528e-02
   8.2200000e+02   7.4446554e-02
   8.2100000e+02   6.6773463e-02
   8.2000000e+02   5.9418127e-02
   8.1900000e+02   5.2411456e-02
   8.1800000e+02   4.5772510e-02
   8.1700000e+02   3.9517388e-02
   8.1600000e+02   3.3662318e-02
   8.1500000e+02   2.8223508e-02
   8.1400000e+02   2.3217269e-02
   8.1300000e+02   1.8660171e-02
   8.1200000e+02   1.4568574e-02
   8.1100000e+02   1.0959121e-02
   8.1000000e+02   7.8485446e-03
   8.0900000e+02   5.2537144e-03
   8.0800000e+02   3.1920940e-03
   8.0700000e+02   1.6800679e-03
   8.0600000e+02   7.3263253e-04
   8.0500000e+02   3.6314205e-04
   8.0400000e+02   5.8320681e-04
   8.0300000e+02   1.4025582e-03
   8.0200000e+02   2.8289298e-03
   8.0100000e+02   4.8679438e-03
   8.0000000e+02   7.5231011e-03
   7.9900000e+02   1.0795042e-02
   7.9800000e+02   1.4679140e-02
   7.9700000e+02   1.9166178e-02
   7.9600000e+02   2.4242302e-02
   7.9500000e+02   2.9889337e-02
   7.9400000e+02   3.6085416e-02
   7.9300000e+02   4.2804585e-02
   7.9200000e+02   5.0017508e-02
   7.9100000e+02   5.7691915e-02
   7.9000000e+02   6.5792987e-02
   7.8900000e+02   7.4286137e-02
   7.8800000e+02   8.3147066e-02
   7.8700000e+02   9.2354974e-02
   7.8600000e+02   1.0189062e-01
   7.8500000e+02   1.1173611e-01
   7.8400000e+02   1.2187482e-01
   7.8300000e+02   1.3229081e-01
   7.8200000e+02   1.4296988e-01
   7.8100000e+02   1.5389760e-01
   7.8000000e+02   1.6506125e-01
   7.7900000e+02   1.7644347e-01
   7.7800000e+02   1.8800852e-01
   7.7700000e+02   1.9971543e-01
   7.7600000e+02   2.1152310e-01
   7.7500000e+02   2.2339063e-01
   7.7400000e+02   2.3527774e-01
   7.7300000e+02   2.4714537e-01
   7.7200000e+02   2.5895565e-01
   7.7100000e+02   2.7067282e-01
   7.7000000e+02   2.8226268e-01
   7.6900000e+02   2.9369960e-01
   7.6800000e+02   3.0498340e-01
   7.6700000e+02   3.1612115e-01
   7.6600000e+02   3.2712104e-01
   7.6500000e+02   3.3799147e-01
   7.6400000e+02   3.4874129e-01
   7.6300000e+02   3.5937921e-01
   7.6200000e+02   3.6991394e-01
   7.6100000e+02   3.8035381e-01
   7.6000000e+02   3.9070657e-01
   7.5900000e+02   4.0097220e-01
   7.5800000e+02   4.1112106e-01
   7.5700000e+02   4.2111877e-01
   7.5600000e+02   4.3093319e-01
   7.5500000e+02   4.4053450e-01
   7.5400000e+02   4.4989620e-01
   7.5300000e+02   4.5899365e-01
   7.5200000e+02   4.6780569e-01
   7.5100000e+02   4.7631327e-01
   7.5000000e+02   4.8449990e-01
   7.4900000e+02   4.9235892e-01
   7.4800000e+02   4.9991281e-01
   7.4700000e+02   5.0719010e-01
   7.4600000e+02   5.1421740e-01
   7.4500000e+02   5.2101921e-01
   7.4400000e+02   5.2761879e-01
   7.4300000e+02   5.3403739e-01
   7.4200000e+02   5.4029525e-01
   7.4100000e+02   5.4641028e-01
   7.4000000e+02   5.5239871e-01
   7.3900000e+02   5.5827051e-01
   7.3800000e+02   5.6401609e-01
   7.3700000e+02   5.6962230e-01
   7.3600000e+02   5.7507735e-01
   7.3500000e+02   5.8037064e-01
   7.3400000e+02   5.8549285e-01
   7.3300000e+02   5.9043562e-01
   7.3200000e+02   5.9519203e-01
   7.3100000e+02   5.9975599e-01
   7.3000000e+02   6.0412218e-01
   7.2900000e+02   6.0828756e-01
   7.2800000e+02   6.1225657e-01
   7.2700000e+02   6.1603524e-01
   7.2600000e+02   6.1962890e-01
   7.2500000e+02   6.2304243e-01
   7.2400000e+02   6.2627996e-01
   7.2300000e+02   6.2934517e-01
   7.2200000e+02   6.3224121e-01
   7.2100000e+02   6.3497062e-01
   7.2000000e+02   6.3753534e-01
   7.1900000e+02   6.3993639e-01
   7.1800000e+02   6.4217215e-01
   7.1700000e+02   6.4424080e-01
   7.1600000e+02   6.4614088e-01
   7.1500000e+02   6.4787142e-01
   7.1400000e+02   6.4943135e-01
   7.1300000e+02   6.5081948e-01
   7.1200000e+02   6.5203449e-01
   7.1100000e+02   6.5307494e-01
   7.1000000e+02   6.5393930e-01
   7.0900000e+02   6.5462571e-01
   7.0800000e+02   6.5513202e-01
   7.0700000e+02   6.5545595e-01
   7.0600000e+02   6.5559514e-01
   7.0500000e+02   6.5554726e-01
   7.0400000e+02   6.5530990e-01
   7.0300000e+02   6.5488011e-01
   7.0200000e+02   6.5425437e-01
   7.0100000e+02   6.5342901e-01
   7.0000000e+02   6.5240035e-01
   6.9900000e+02   6.5116468e-01
   6.9800000e+02   6.4971801e-01
   6.9700000e+02   6.4805503e-01
   6.9600000e+02   6.4616892e-01
   6.9500000e+02   6.4405125e-01
   6.9400000e+02   6.4169181e-01
   6.9300000e+02   6.3907856e-01
   6.9200000e+02   6.3619737e-01
   6.9100000e+02   6.3303191e-01
   6.9000000e+02   6.2956394e-01
   6.8900000e+02   6.2577400e-01
   6.8800000e+02   6.2164392e-01
   6.8700000e+02   6.1715595e-01
   6.8600000e+02   6.1229175e-01
   6.8500000e+02   6.0703285e-01
   6.8400000e+02   6.0136050e-01
   6.8300000e+02   5.9525560e-01
   6.8200000e+02   5.8869924e-01
   6.8100000e+02   5.8167232e-01
   6.8000000e+02   5.7415617e-01
   6.7900000e+02   5.6613203e-01
   6.7800000e+02   5.5757874e-01
   6.7700000e+02   5.4847362e-01
   6.7600000e+02   5.3879280e-01
   6.7500000e+02   5.2851272e-01
   6.7400000e+02   5.1761046e-01
   6.7300000e+02   5.0606368e-01
   6.7200000e+02   4.9385123e-01
   6.7100000e+02   4.8095415e-01
   6.7000000e+02   4.6735601e-01
   6.6900000e+02   4.5303832e-01
   6.6800000e+02   4.3796272e-01
   6.6700000e+02   4.2208409e-01
   6.6600000e+02   4.0535446e-01
   6.6500000e+02   3.8772659e-01
   6.6400000e+02   3.6915451e-01
   6.6300000e+02   3.4959697e-01
   6.6200000e+02   3.2901816e-01
   6.6100000e+02   3.0739486e-01
   6.6000000e+02   2.8472135e-01
   6.5900000e+02   2.6103392e-01
   6.5800000e+02   2.3647006e-01
   6.5700000e+02   2.1123906e-01
   6.5600000e+02   1.8561426e-01
   6.5500000e+02   1.5993849e-01
   6.5400000e+02   1.3462525e-01
   6.5300000e+02   1.1015705e-01
   6.5200000e+02   8.7073751e-02
   6.5100000e+02   6.5956439e-02
   6.5000000e+02   4.7400740e-02
   6.4900000e+02   3.1976858e-02
   6.4800000e+02   2.0189374e-02
   6.4700000e+02   1.2493544e-02
   6.4600000e+02   9.2799140e-03
   6.4500000e+02   1.0846882e-02
   6.4400000e+02   1.7376469e-02
   6.4300000e+02   2.8915392e-02
   6.4200000e+02   4.5363848e-02
   6.4100000e+02   6.6474612e-02
   6.4000000e+02   9.1862619e-02
   6.3900000e+02   1.2101497e-01
   6.3800000e+02   1.5329292e-01
   6.3700000e+02   1.8799111e-01
   6.3600000e+02   2.2439271e-01
   6.3500000e+02   2.6180619e-01
   6.3400000e+02   2.9960056e-01
   6.3300000e+02   3.3722438e-01
   6.3200000e+02   3.7421911e-01
   6.3100000e+02   4.1021923e-01
   6.3000000e+02   4.4495093e-01
   6.2900000e+02   4.7822015e-01
   6.2800000e+02   5.0989597e-01
   6.2700000e+02   5.3990123e-01
   6.2600000e+02   5.6820122e-01
   6.2500000e+02   5.9479676e-01
   6.2400000e+02   6.1971516e-01
   6.2300000e+02   6.4300378e-01
   6.2200000e+02   6.6472365e-01
   6.2100000e+02   6.8494583e-01
   6.2000000e+02   7.0374697e-01
   6.1900000e+02   7.2120853e-01
   6.1800000e+02   7.3742027e-01
   6.1700000e+02   7.5247093e-01
   6.1600000e+02   7.6644448e-01
   6.1500000e+02   7.7942002e-01
   6.1400000e+02   7.9147197e-01
   6.1300000e+02   8.0266940e-01
   6.1200000e+02   8.1307648e-01
   6.1100000e+02   8.2275256e-01
   6.1000000e+02   8.3175249e-01
   6.0900000e+02   8.4012615e-01
   6.0800000e+02   8.4791804e-01
   6.0700000e+02   8.5516971e-01
   6.0600000e+02   8.6192032e-01
   6.0500000e+02   8.6820692e-01
   6.0400000e+02   8.7406398e-01
   6.0300000e+02   8.7952381e-01
   6.0200000e+02   8.8461666e-01
   6.0100000e+02   8.8937040e-01
   6.0000000e+02   8.9381103e-01
   5.9900000e+02   8.9796239e-01
   5.9800000e+02   9.0184532e-01
   5.9700000e+02   9.0547871e-01
   5.9600000e+02   9.0887987e-01
   5.9500000e+02   9.1206471e-01
   5.9400000e+02   9.1504799e-01
   5.9300000e+02   9.1784341e-01
   5.9200000e+02   9.2046355e-01
   5.9100000e+02   9.2292003e-01
   5.9000000e+02   9.2522344e-01
   5.8900000e+02   9.2738473e-01
   5.8800000e+02   9.2941815e-01
   5.8700000e+02   9.3133740e-01
   5.8600000e+02   9.3315494e-01
   5.8500000e+02   9.3488182e-01
   5.8400000e+02   9.3652807e-01
   5.8300000e+02   9.3810259e-01
   5.8200000e+02   9.3961320e-01
   5.8100000e+02   9.4106697e-01
   5.8000000e+02   9.4247026e-01
   5.7900000e+02   9.4382731e-01
   5.7800000e+02   9.4513612e-01
   5.7700000e+02   9.4639356e-01
   5.7600000e+02   9.4759699e-01
   5.7500000e+02   9.4874413e-01
   5.7400000e+02   9.4983306e-01
   5.7300000e+02   9.5086219e-01
   5.7200000e+02   9.5183021e-01
   5.7100000e+02   9.5273614e-01
   5.7000000e+02   9.5357917e-01
   5.6900000e+02   9.5436033e-01
   5.6800000e+02   9.5508724e-01
   5.6700000e+02   9.5576854e-01
   5.6600000e+02   9.5641224e-01
   5.6500000e+02   9.5702574e-01
   5.6400000e+02   9.5761590e-01
   5.6300000e+02   9.5818910e-01
   5.6200000e+02   9.5875123e-01
   5.6100000e+02   9.5930777e-01
   5.6000000e+02   9.5986379e-01
   5.5900000e+02   9.6042248e-01
   5.5800000e+02   9.6098081e-01
   5.5700000e+02   9.6153460e-01
   5.5600000e+02   9.6208002e-01
   5.5500000e+02   9.6261364e-01
   5.5400000e+02   9.6313230e-01
   5.5300000e+02   9.6363317e-01
   5.5200000e+02   9.6411365e-01
   5.5100000e+02   9.6457140e-01
   5.5000000e+02   9.6500432e-01
   5.4900000e+02   9.6541082e-01
   5.4800000e+02   9.6579093e-01
   5.4700000e+02   9.6614488e-01
   5.4600000e+02   9.6647275e-01
   5.4500000e+02   9.6677450e-01
   5.4400000e+02   9.6704995e-01
   5.4300000e+02   9.6729888e-01
   5.4200000e+02   9.6752099e-01
   5.4100000e+02   9.6771581e-01
   5.4000000e+02   9.6788273e-01
   5.3900000e+02   9.6802173e-01
   5.3800000e+02   9.6813525e-01
   5.3700000e+02   9.6822625e-01
   5.3600000e+02   9.6829764e-01
   5.3500000e+02   9.6835218e-01
   5.3400000e+02   9.6839258e-01
   5.3300000e+02   9.6842141e-01
   5.3200000e+02   9.6844114e-01
   5.3100000e+02   9.6845431e-01
   5.3000000e+02   9.6846355e-01
   5.2900000e+02   9.6847109e-01
   5.2800000e+02   9.6847768e-01
   5.2700000e+02   9.6848373e-01
   5.2600000e+02   9.6848959e-01
   5.2500000e+02   9.6849558e-01
   5.2400000e+02   9.6850203e-01
   5.2300000e+02   9.6850919e-01
   5.2200000e+02   9.6851733e-01
   5.2100000e+02   9.6852649e-01
   5.2000000e+02   9.6853659e-01
   5.1900000e+02   9.6854734e-01
   5.1800000e+02   9.6855797e-01
   5.1700000e+02   9.6856754e-01
   5.1600000e+02   9.6857518e-01
   5.1500000e+02   9.6858001e-01
   5.1400000e+02   9.6858122e-01
   5.1300000e+02   9.6857799e-01
   5.1200000e+02   9.6856953e-01
   5.1100000e+02   9.6855520e-01
   5.1000000e+02   9.6853442e-01
   5.0900000e+02   9.6850666e-01
   5.0800000e+02   9.6847167e-01
   5.0700000e+02   9.6842926e-01
   5.0600000e+02   9.6837923e-01
   5.0500000e+02   9.6832135e-01
   5.0400000e+02   9.6825541e-01
   5.0300000e+02   9.6818116e-01
   5.0200000e+02   9.6809827e-01
   5.0100000e+02   9.6800627e-01
   5.0000000e+02   9.6790466e-01
   4.9900000e+02   9.6779312e-01
   4.9800000e+02   9.6767196e-01
   4.9700000e+02   9.6754168e-01
   4.9600000e+02   9.6740268e-01
   4.9500000e+02   9.6725535e-01
   4.9400000e+02   9.6710005e-01
   4.9300000e+02   9.6693715e-01
   4.9200000e+02   9.6676726e-01
   4.9100000e+02   9.6659101e-01
   4.9000000e+02   9.6640900e-01
   4.8900000e+02   9.6622102e-01
   4.8800000e+02   9.6602365e-01
   4.8700000e+02   9.6581273e-01
   4.8600000e+02   9.6558417e-01
   4.8500000e+02   9.6533388e-01
   4.8400000e+02   9.6505776e-01
   4.8300000e+02   9.6475141e-01
   4.8200000e+02   9.6441033e-01
   4.8100000e+02   9.6403000e-01
   4.8000000e+02   9.6360581e-01
   4.7900000e+02   9.6313487e-01
   4.7800000e+02   9.6262114e-01
   4.7700000e+02   9.6207011e-01
   4.7600000e+02   9.6148702e-01
   4.7500000e+02   9.6087696e-01
   4.7400000e+02   9.6024503e-01
   4.7300000e+02   9.5959621e-01
   4.7200000e+02   9.5893528e-01
   4.7100000e+02   9.5826687e-01
   4.7000000e+02   9.5759542e-01
   4.6900000e+02   9.5692273e-01
   4.6800000e+02   9.5624035e-01
   4.6700000e+02   9.5553719e-01
   4.6600000e+02   9.5480189e-01
   4.6500000e+02   9.5402257e-01
   4.6400000e+02   9.5318698e-01
   4.6300000e+02   9.5228245e-01
   4.6200000e+02   9.5129572e-01
   4.6100000e+02   9.5021296e-01
   4.6000000e+02   9.4901950e-01
   4.5900000e+02   9.4770263e-01
   4.5800000e+02   9.4625997e-01
   4.5700000e+02   9.4469130e-01
   4.5600000e+02   9.4299566e-01
   4.5500000e+02   9.4117120e-01
   4.5400000e+02   9.3921501e-01
   4.5300000e+02   9.3712307e-01
   4.5200000e+02   9.3489005e-01
   4.5100000e+02   9.3250921e-01
   4.5000000e+02   9.2997222e-01
   4.4900000e+02   9.2726587e-01
   4.4800000e+02   9.2436260e-01
   4.4700000e+02   9.2122798e-01
   4.4600000e+02   9.1782304e-01
   4.4500000e+02   9.1410310e-01
   4.4400000e+02   9.1001686e-01
   4.4300000e+02   9.0550485e-01
   4.4200000e+02   9.0049786e-01
   4.4100000e+02   8.9491490e-01
   4.4000000e+02   8.8866115e-01
   4.3900000e+02   8.8162715e-01
   4.3800000e+02   8.7369216e-01
   4.3700000e+02   8.6471464e-01
   4.3600000e+02   8.5452546e-01
   4.3500000e+02   8.4292244e-01
   4.3400000e+02   8.2966507e-01
   4.3300000e+02   8.1446860e-01
   4.3200000e+02   7.9699873e-01
   4.3100000e+02   7.7687029e-01
   4.3000000e+02   7.5365405e-01
   4.2900000e+02   7.2688965e-01
   4.2800000e+02   6.9611292e-01
   4.2700000e+02   6.6095572e-01
   4.2600000e+02   6.2130643e-01
   4.2500000e+02   5.7754667e-01
   4.2400000e+02   5.3086195e-01
   4.2300000e+02   4.8354375e-01
   4.2200000e+02   4.3908224e-01
   4.2100000e+02   4.0176916e-01
   4.2000000e+02   3.7566411e-01
   4.1900000e+02   3.6319644e-01
   4.1800000e+02   3.6414234e-01
   4.1700000e+02   3.7572463e-01
   4.1600000e+02   3.9373844e-01
   4.1500000e+02   4.1390079e-01
   4.1400000e+02   4.3274757e-01
   4.1300000e+02   4.4792177e-01
   4.1200000e+02   4.5805989e-01
   4.1100000e+02   4.6253241e-01
   4.1000000e+02   4.6119955e-01
   4.0900000e+02   4.5423283e-01
   4.0800000e+02   4.4198592e-01
   4.0700000e+02   4.2500703e-01
   4.0600000e+02   4.0410878e-01
   4.0500000e+02   3.8044719e-01
   4.0400000e+02   3.5557355e-01
   4.0300000e+02   3.3140143e-01
   4.0200000e+02   3.1003165e-01
   4.0100000e+02   2.9341425e-01
   4.0000000e+02   2.8291165e-01
   3.9900000e+02   2.7891748e-01
   3.9800000e+02   2.8070908e-01
   3.9700000e+02   2.8664389e-01
   3.9600000e+02   2.9458394e-01
   3.9500000e+02   3.0238091e-01
   3.9400000e+02   3.0827594e-01
   3.9300000e+02   3.1114973e-01
   3.9200000e+02   3.1062993e-01
   3.9100000e+02   3.0708608e-01
   3.9000000e+02   3.0152556e-01
   3.8900000e+02   2.9540933e-01
   3.8800000e+02   2.9045795e-01
   3.8700000e+02   2.8823764e-01
   3.8600000e+02   2.8973768e-01
   3.8500000e+02   2.9521875e-01
   3.8400000e+02   3.0441915e-01
   3.8300000e+02   3.1694128e-01
   3.8200000e+02   3.3251073e-01
   3.8100000e+02   3.5094554e-01
   3.8000000e+02   3.7194266e-01
   3.7900000e+02   3.9481945e-01
   3.7800000e+02   4.1828926e-01
   3.7700000e+02   4.4104211e-01
   3.7600000e+02   4.6208386e-01
   3.7500000e+02   4.8081056e-01
   3.7400000e+02   4.9695466e-01
   3.7300000e+02   5.1048260e-01
   3.7200000e+02   5.2149714e-01
   3.7100000e+02   5.3016468e-01
   3.7000000e+02   5.3666842e-01
   3.6900000e+02   5.4125504e-01
   3.6800000e+02   5.4439926e-01
   3.6700000e+02   5.4652186e-01
   3.6600000e+02   5.4793085e-01
   3.6500000e+02   5.4884378e-01
   3.6400000e+02   5.4940606e-01
   3.6300000e+02   5.4970581e-01
   3.6200000e+02   5.4978641e-01
   3.6100000e+02   5.4965742e-01
   3.6000000e+02   5.4930458e-01
   3.5900000e+02   5.4870246e-01
   3.5800000e+02   5.4784162e-01
   3.5700000e+02   5.4673856e-01
   3.5600000e+02   5.4542983e-01
   3.5500000e+02   5.4396726e-01
   3.5400000e+02   5.4241441e-01
   3.5300000e+02   5.4084369e-01
   3.5200000e+02   5.3933406e-01
   3.5100000e+02   5.3796906e-01
   3.5000000e+02   5.3683491e-01
   3.4900000e+02   5.3600023e-01
   3.4800000e+02   5.3545836e-01
   3.4700000e+02   5.3518302e-01
   3.4600000e+02   5.3514713e-01
   3.4500000e+02   5.3532251e-01
   3.4400000e+02   5.3568023e-01
   3.4300000e+02   5.3619114e-01
   3.4200000e+02   5.3682603e-01
   3.4100000e+02   5.3755581e-01
   3.4000000e+02   5.3835149e-01
   3.3900000e+02   5.3918959e-01
   3.3800000e+02   5.4006707e-01
   3.3700000e+02   5.4098576e-01
   3.3600000e+02   5.4194737e-01
   3.3500000e+02   5.4295349e-01
   3.3400000e+02   5.4400553e-01
   3.3300000e+02   5.4510467e-01
   3.3200000e+02   5.4625147e-01
   3.3100000e+02   5.4744601e-01
   3.3000000e+02   5.4868804e-01
   3.2900000e+02   5.4997818e-01
   3.2800000e+02   5.5132158e-01
   3.2700000e+02   5.5272400e-01
   3.2600000e+02   5.5418986e-01
   3.2500000e+02   5.5572312e-01
   3.2400000e+02   5.5732806e-01
   3.2300000e+02   5.5900922e-01
   3.2200000e+02   5.6077149e-01
   3.2100000e+02   5.6262016e-01
   3.2000000e+02   5.6456189e-01
   3.1900000e+02   5.6660379e-01
   3.1800000e+02   5.6875235e-01
   3.1700000e+02   5.7101330e-01
   3.1600000e+02   5.7339151e-01
   3.1500000e+02   5.7589087e-01
   3.1400000e+02   5.7851344e-01
   3.1300000e+02   5.8125989e-01
   3.1200000e+02   5.8413006e-01
   3.1100000e+02   5.8712298e-01
   3.1000000e+02   5.9023708e-01
   3.0900000e+02   5.9347242e-01
   3.0800000e+02   5.9683912e-01
   3.0700000e+02   6.0035289e-01
   3.0600000e+02   6.0403358e-01
   3.0500000e+02   6.0790594e-01
   3.0400000e+02   6.1200062e-01
   3.0300000e+02   6.1635517e-01
   3.0200000e+02   6.2101509e-01
   3.0100000e+02   6.2603601e-01
   3.0000000e+02   6.3148554e-01
   2.9900000e+02   6.3741252e-01
   2.9800000e+02   6.4374569e-01
   2.9700000e+02   6.5038166e-01
   2.9600000e+02   6.5721439e-01
   2.9500000e+02   6.6413434e-01
   2.9400000e+02   6.7102836e-01
   2.9300000e+02   6.7778002e-01
   2.9200000e+02   6.8426977e-01
   2.9100000e+02   6.9037467e-01
   2.9000000e+02   6.9596739e-01
   2.8900000e+02   7.0095374e-01
   2.8800000e+02   7.0538751e-01
   2.8700000e+02   7.0934922e-01
   2.8600000e+02   7.1290713e-01
   2.8500000e+02   7.1611769e-01
   2.8400000e+02   7.1902548e-01
   2.8300000e+02   7.2166266e-01
   2.8200000e+02   7.2404813e-01
   2.8100000e+02   7.2618650e-01
   2.8000000e+02   7.2806721e-01
   2.7900000e+02   7.2966912e-01
   2.7800000e+02   7.3098318e-01
   2.7700000e+02   7.3200905e-01
   2.7600000e+02   7.3275196e-01
   2.7500000e+02   7.3322293e-01
   2.7400000e+02   7.3343922e-01
   2.7300000e+02   7.3342472e-01
   2.7200000e+02   7.3321032e-01
   2.7100000e+02   7.3283424e-01
   2.7000000e+02   7.3234229e-01
   2.6900000e+02   7.3176003e-01
   2.6800000e+02   7.3100507e-01
   2.6700000e+02   7.2996431e-01
   2.6600000e+02   7.2852066e-01
   2.6500000e+02   7.2655236e-01
   2.6400000e+02   7.2393156e-01
   2.6300000e+02   7.2052204e-01
   2.6200000e+02   7.1617627e-01
   2.6100000e+02   7.1073143e-01
   2.6000000e+02   7.0400454e-01
   2.5900000e+02   6.9583961e-01
   2.5800000e+02   6.8627685e-01
   2.5700000e+02   6.7542189e-01
   2.5600000e+02   6.6340346e-01
   2.5500000e+02   6.5037982e-01
   2.5400000e+02   6.3654386e-01
   2.5300000e+02   6.2212633e-01
   2.5200000e+02   6.0739677e-01
   2.5100000e+02   5.9266193e-01
   2.5000000e+02   5.7826233e-01
   2.4900000e+02   5.6456741e-01
   2.4800000e+02   5.5196977e-01
   2.4700000e+02   5.4081039e-01
   2.4600000e+02   5.3115620e-01
   2.4500000e+02   5.2298826e-01
   2.4400000e+02   5.1627087e-01
   2.4300000e+02   5.1095451e-01
   2.4200000e+02   5.0697773e-01
   2.4100000e+02   5.0426857e-01
   2.4000000e+02   5.0274675e-01
   2.3900000e+02   5.0232477e-01
   2.3800000e+02   5.0290891e-01
   2.3700000e+02   5.0440054e-01
   2.3600000e+02   5.0669653e-01
   2.3500000e+02   5.0968895e-01
   2.3400000e+02   5.1326549e-01
   2.3300000e+02   5.1730972e-01
   2.3200000e+02   5.2170145e-01
   2.3100000e+02   5.2631802e-01
   2.3000000e+02   5.3103523e-01
   2.2900000e+02   5.3572787e-01
   2.2800000e+02   5.4027116e-01
   2.2700000e+02   5.4453957e-01
   2.2600000e+02   5.4840634e-01
   2.2500000e+02   5.5174485e-01
   2.2400000e+02   5.5449629e-01
   2.2300000e+02   5.5669146e-01
   2.2200000e+02   5.5836673e-01
   2.2100000e+02   5.5955803e-01
   2.2000000e+02   5.6030104e-01
   2.1900000e+02   5.6063099e-01
   2.1800000e+02   5.6058354e-01
   2.1700000e+02   5.6019479e-01
   2.1600000e+02   5.5950167e-01
   2.1500000e+02   5.5854205e-01
   2.1400000e+02   5.5735497e-01
   2.1300000e+02   5.5598076e-01
   2.1200000e+02   5.5446116e-01
   2.1100000e+02   5.5283939e-01
   2.1000000e+02   5.5116044e-01
   2.0900000e+02   5.4947098e-01
   2.0800000e+02   5.4781969e-01
   2.0700000e+02   5.4625701e-01
   2.0600000e+02   5.4483289e-01
   2.0500000e+02   5.4356349e-01
   2.0400000e+02   5.4243813e-01
   2.0300000e+02   5.4144480e-01
   2.0200000e+02   5.4057104e-01
   2.0100000e+02   5.3980393e-01
   2.0000000e+02   5.3913106e-01
