   1.1000000e+03   3.7190993e-01
   1.0990000e+03   3.6760280e-01
   1.0980000e+03   3.6323768e-01
   1.0970000e+03   3.5881394e-01
   1.0960000e+03   3.5433079e-01
   1.0950000e+03   3.4978742e-01
   1.0940000e+03   3.4518295e-01
   1.0930000e+03   3.4051666e-01
   1.0920000e+03   3.3578744e-01
   1.0910000e+03   3.3099441e-01
   1.0900000e+03   3.2613664e-01
   1.0890000e+03   3.2121273e-01
   1.0880000e+03   3.1621929e-01
   1.0870000e+03   3.1115280e-01
   1.0860000e+03   3.0600915e-01
   1.0850000e+03   3.0078434e-01
   1.0840000e+03   2.9547411e-01
   1.0830000e+03   2.9007408e-01
   1.0820000e+03   2.8457963e-01
   1.0810000e+03   2.7898626e-01
   1.0800000e+03   2.7328908e-01
   1.0790000e+03   2.6748556e-01
   1.0780000e+03   2.6158090e-01
   1.0770000e+03   2.5558303e-01
   1.0760000e+03   2.4950039e-01
   1.0750000e+03   2.4334240e-01
   1.0740000e+03   2.3711855e-01
   1.0730000e+03   2.3083946e-01
   1.0720000e+03   2.2451611e-01
   1.0710000e+03   2.1816018e-01
   1.0700000e+03   2.1178345e-01
   1.0690000e+03   2.0539685e-01
   1.0680000e+03   1.9900305e-01
   1.0670000e+03   1.9260279e-01
   1.0660000e+03   1.8619701e-01
   1.0650000e+03   1.7978664e-01
   1.0640000e+03   1.7337302e-01
   1.0630000e+03   1.6695741e-01
   1.0620000e+03   1.6054156e-01
   1.0610000e+03   1.5412702e-01
   1.0600000e+03   1.4771599e-01
   1.0590000e+03   1.4131217e-01
   1.0580000e+03   1.3492294e-01
   1.0570000e+03   1.2855714e-01
   1.0560000e+03   1.2222404e-01
   1.0550000e+03   1.1593309e-01
   1.0540000e+03   1.0969440e-01
   1.0530000e+03   1.0351833e-01
   1.0520000e+03   9.7415177e-02
   1.0510000e+03   9.1396098e-02
   1.0500000e+03   8.5472018e-02
   1.0490000e+03   7.9654082e-02
   1.0480000e+03   7.3952464e-02
   1.0470000e+03   6.8377246e-02
   1.0460000e+03   6.2938874e-02
   1.0450000e+03   5.7647918e-02
   1.0440000e+03   5.2515375e-02
   1.0430000e+03   4.7552014e-02
   1.0420000e+03   4.2769365e-02
   1.0410000e+03   3.8178467e-02
   1.0400000e+03   3.3790986e-02
   1.0390000e+03   2.9618475e-02
   1.0380000e+03   2.5673470e-02
   1.0370000e+03   2.1968128e-02
   1.0360000e+03   1.8514493e-02
   1.0350000e+03   1.5324283e-02
   1.0340000e+03   1.2408529e-02
   1.0330000e+03   9.7777604e-03
   1.0320000e+03   7.4420647e-03
   1.0310000e+03   5.4105914e-03
   1.0300000e+03   3.6919245e-03
   1.0290000e+03   2.2935180e-03
   1.0280000e+03   1.2217287e-03
   1.0270000e+03   4.8267492e-04
   1.0260000e+03   8.2652120e-05
   1.0250000e+03   2.8002762e-05
   1.0240000e+03   3.2517583e-04
   1.0230000e+03   9.8067235e-04
   1.0220000e+03   2.0010796e-03
   1.0210000e+03   3.3929631e-03
   1.0200000e+03   5.1630230e-03
   1.0190000e+03   7.3171408e-03
   1.0180000e+03   9.8579371e-03
   1.0170000e+03   1.2785143e-02
   1.0160000e+03   1.6095884e-02
   1.0150000e+03   1.9784763e-02
   1.0140000e+03   2.3843770e-02
   1.0130000e+03   2.8262384e-02
   1.0120000e+03   3.3027874e-02
   1.0110000e+03   3.8125006e-02
   1.0100000e+03   4.3536454e-02
   1.0090000e+03   4.9244846e-02
   1.0080000e+03   5.5238727e-02
   1.0070000e+03   6.1508983e-02
   1.0060000e+03   6.8046956e-02
   1.0050000e+03   7.4844647e-02
   1.0040000e+03   8.1894869e-02
   1.0030000e+03   8.9190396e-02
   1.0020000e+03   9.6724888e-02
   1.0010000e+03   1.0449240e-01
   1.0000000e+03   1.1248702e-01
   9.9900000e+02   1.2070293e-01
   9.9800000e+02   1.2913010e-01
   9.9700000e+02   1.3775746e-01
   9.9600000e+02   1.4657459e-01
   9.9500000e+02   1.5556989e-01
   9.9400000e+02   1.6473175e-01
   9.9300000e+02   1.7404944e-01
   9.9200000e+02   1.8351068e-01
   9.9100000e+02   1.9310464e-01
   9.9000000e+02   2.0281951e-01
   9.8900000e+02   2.1263655e-01
   9.8800000e+02   2.2250993e-01
   9.8700000e+02   2.3238555e-01
   9.8600000e+02   2.4220948e-01
   9.8500000e+02   2.5192883e-01
   9.8400000e+02   2.6149133e-01
   9.8300000e+02   2.7084619e-01
   9.8200000e+02   2.7994432e-01
   9.8100000e+02   2.8873854e-01
   9.8000000e+02   2.9718400e-01
   9.7900000e+02   3.0525867e-01
   9.7800000e+02   3.1302407e-01
   9.7700000e+02   3.2056188e-01
   9.7600000e+02   3.2795358e-01
   9.7500000e+02   3.3527863e-01
   9.7400000e+02   3.4261516e-01
   9.7300000e+02   3.5003929e-01
   9.7200000e+02   3.5762490e-01
   9.7100000e+02   3.6544223e-01
   9.7000000e+02   3.7355847e-01
   9.6900000e+02   3.8201053e-01
   9.6800000e+02   3.9072754e-01
   9.6700000e+02   3.9961408e-01
   9.6600000e+02   4.0857833e-01
   9.6500000e+02   4.1753160e-01
   9.6400000e+02   4.2639032e-01
   9.6300000e+02   4.3507495e-01
   9.6200000e+02   4.4351136e-01
   9.6100000e+02   4.5163088e-01
   9.6000000e+02   4.5936958e-01
   9.5900000e+02   4.6668855e-01
   9.5800000e+02   4.7363158e-01
   9.5700000e+02   4.8026008e-01
   9.5600000e+02   4.8663232e-01
   9.5500000e+02   4.9280298e-01
   9.5400000e+02   4.9882421e-01
   9.5300000e+02   5.0474490e-01
   9.5200000e+02   5.1061069e-01
   9.5100000e+02   5.1646449e-01
   9.5000000e+02   5.2234593e-01
   9.4900000e+02   5.2828129e-01
   9.4800000e+02   5.3425456e-01
   9.4700000e+02   5.4024044e-01
   9.4600000e+02   5.4621529e-01
   9.4500000e+02   5.5215653e-01
   9.4400000e+02   5.5804304e-01
   9.4300000e+02   5.6385521e-01
   9.4200000e+02   5.6957476e-01
   9.4100000e+02   5.7518513e-01
   9.4000000e+02   5.8067101e-01
   9.3900000e+02   5.8601840e-01
   9.3800000e+02   5.9121366e-01
   9.3700000e+02   5.9624468e-01
   9.3600000e+02   6.0110029e-01
   9.3500000e+02   6.0577123e-01
   9.3400000e+02   6.1024929e-01
   9.3300000e+02   6.1452729e-01
   9.3200000e+02   6.1859970e-01
   9.3100000e+02   6.2246167e-01
   9.3000000e+02   6.2610929e-01
   9.2900000e+02   6.2954499e-01
   9.2800000e+02   6.3279153e-01
   9.2700000e+02   6.3587480e-01
   9.2600000e+02   6.3881867e-01
   9.2500000e+02   6.4164487e-01
   9.2400000e+02   6.4437315e-01
   9.2300000e+02   6.4702146e-01
   9.2200000e+02   6.4960577e-01
   9.2100000e+02   6.5214026e-01
   9.2000000e+02   6.5463714e-01
   9.1900000e+02   6.5710296e-01
   9.1800000e+02   6.5952779e-01
   9.1700000e+02   6.6189853e-01
   9.1600000e+02   6.6420295e-01
   9.1500000e+02   6.6643000e-01
   9.1400000e+02   6.6856936e-01
   9.1300000e+02   6.7061182e-01
   9.1200000e+02   6.7254912e-01
   9.1100000e+02   6.7437397e-01
   9.1000000e+02   6.7607998e-01
   9.0900000e+02   6.7766248e-01
   9.0800000e+02   6.7912012e-01
   9.0700000e+02   6.8045246e-01
   9.0600000e+02   6.8165923e-01
   9.0500000e+02   6.8274029e-01
   9.0400000e+02   6.8369557e-01
   9.0300000e+02   6.8452516e-01
   9.0200000e+02   6.8522934e-01
   9.0100000e+02   6.8580843e-01
   9.0000000e+02   6.8626296e-01
   8.9900000e+02   6.8659394e-01
   8.9800000e+02   6.8680380e-01
   8.9700000e+02   6.8689468e-01
   8.9600000e+02   6.8686803e-01
   8.9500000e+02   6.8672449e-01
   8.9400000e+02   6.8646395e-01
   8.9300000e+02   6.8608554e-01
   8.9200000e+02   6.8558750e-01
   8.9100000e+02   6.8496728e-01
   8.9000000e+02   6.8422133e-01
   8.8900000e+02   6.8334515e-01
   8.8800000e+02   6.8233356e-01
   8.8700000e+02   6.8118098e-01
   8.8600000e+02   6.7988177e-01
   8.8500000e+02   6.7842995e-01
   8.8400000e+02   6.7681936e-01
   8.8300000e+02   6.7504345e-01
   8.8200000e+02   6.7309557e-01
   8.8100000e+02   6.7096861e-01
   8.8000000e+02   6.6865518e-01
   8.7900000e+02   6.6614755e-01
   8.7800000e+02   6.6343726e-01
   8.7700000e+02   6.6051533e-01
   8.7600000e+02   6.5737217e-01
   8.7500000e+02   6.5399763e-01
   8.7400000e+02   6.5038081e-01
   8.7300000e+02   6.4651021e-01
   8.7200000e+02   6.4237347e-01
   8.7100000e+02   6.3795754e-01
   8.7000000e+02   6.3324848e-01
   8.6900000e+02   6.2823096e-01
   8.6800000e+02   6.2288581e-01
   8.6700000e+02   6.1719153e-01
   8.6600000e+02   6.1112397e-01
   8.6500000e+02   6.0465674e-01
   8.6400000e+02   5.9776048e-01
   8.6300000e+02   5.9040251e-01
   8.6200000e+02   5.8254715e-01
   8.6100000e+02   5.7415473e-01
   8.6000000e+02   5.6518168e-01
   8.5900000e+02   5.5558337e-01
   8.5800000e+02   5.4532625e-01
   8.5700000e+02   5.3438052e-01
   8.5600000e+02   5.2271864e-01
   8.5500000e+02   5.1031538e-01
   8.5400000e+02   4.9714890e-01
   8.5300000e+02   4.8320220e-01
   8.5200000e+02   4.6846424e-01
   8.5100000e+02   4.5293107e-01
   8.5000000e+02   4.3660817e-01
   8.4900000e+02   4.1950503e-01
   8.4800000e+02   4.0161221e-01
   8.4700000e+02   3.8291869e-01
   8.4600000e+02   3.6342035e-01
   8.4500000e+02   3.4312084e-01
   8.4400000e+02   3.2203586e-01
   8.4300000e+02   3.0019491e-01
   8.4200000e+02   2.7764614e-01
   8.4100000e+02   2.5446042e-01
   8.4000000e+02   2.3073513e-01
   8.3900000e+02   2.0660058e-01
   8.3800000e+02   1.8221866e-01
   8.3700000e+02   1.5779546e-01
   8.3600000e+02   1.3359286e-01
   8.3500000e+02   1.0993535e-01
   8.3400000e+02   8.7219511e-02
   8.3300000e+02   6.5917164e-02
   8.3200000e+02   4.6578858e-02
   8.3100000e+02   2.9828325e-02
   8.3000000e+02   1.6352273e-02
   8.2900000e+02   6.8812357e-03
   8.2800000e+02   2.1459020e-03
   8.2700000e+02   2.7712042e-03
   8.2600000e+02   9.2016619e-03
   8.2500000e+02   2.1644298e-02
   8.2400000e+02   4.0032424e-02
   8.2300000e+02   6.4017091e-02
   8.2200000e+02   9.2992357e-02
   8.2100000e+02   1.2614587e-01
   8.2000000e+02   1.6253160e-01
   8.1900000e+02   2.0116925e-01
   8.1800000e+02   2.4118401e-01
   8.1700000e+02   2.8180589e-01
   8.1600000e+02   3.2237062e-01
   8.1500000e+02   3.6233280e-01
   8.1400000e+02   4.0126016e-01
   8.1300000e+02   4.3882695e-01
   8.1200000e+02   4.7480490e-01
   8.1100000e+02   5.0904323e-01
   8.1000000e+02   5.4145775e-01
   8.0900000e+02   5.7201399e-01
   8.0800000e+02   6.0070344e-01
   8.0700000e+02   6.2754972e-01
   8.0600000e+02   6.5260262e-01
   8.0500000e+02   6.7593036e-01
   8.0400000e+02   6.9761506e-01
   8.0300000e+02   7.1774560e-01
   8.0200000e+02   7.3641560e-01
   8.0100000e+02   7.5371886e-01
   8.0000000e+02   7.6974907e-01
   7.9900000e+02   7.8459358e-01
   7.9800000e+02   7.9832606e-01
   7.9700000e+02   8.1101808e-01
   7.9600000e+02   8.2273982e-01
   7.9500000e+02   8.3355920e-01
   7.9400000e+02   8.4354213e-01
   7.9300000e+02   8.5275096e-01
   7.9200000e+02   8.6124458e-01
   7.9100000e+02   8.6907866e-01
   7.9000000e+02   8.7630484e-01
   7.8900000e+02   8.8297382e-01
   7.8800000e+02   8.8914237e-01
   7.8700000e+02   8.9486245e-01
   7.8600000e+02   9.0018004e-01
   7.8500000e+02   9.0513519e-01
   7.8400000e+02   9.0976341e-01
   7.8300000e+02   9.1409566e-01
   7.8200000e+02   9.1815961e-01
   7.8100000e+02   9.2197934e-01
   7.8000000e+02   9.2557649e-01
   7.7900000e+02   9.2896823e-01
   7.7800000e+02   9.3216324e-01
   7.7700000e+02   9.3516888e-01
   7.7600000e+02   9.3799288e-01
   7.7500000e+02   9.4064327e-01
   7.7400000e+02   9.4312820e-01
   7.7300000e+02   9.4545577e-01
   7.7200000e+02   9.4763404e-01
   7.7100000e+02   9.4967094e-01
   7.7000000e+02   9.5157412e-01
   7.6900000e+02   9.5335225e-01
   7.6800000e+02   9.5501814e-01
   7.6700000e+02   9.5658418e-01
   7.6600000e+02   9.5806122e-01
   7.6500000e+02   9.5945877e-01
   7.6400000e+02   9.6078518e-01
   7.6300000e+02   9.6204776e-01
   7.6200000e+02   9.6325294e-01
   7.6100000e+02   9.6440634e-01
   7.6000000e+02   9.6551291e-01
   7.5900000e+02   9.6657590e-01
   7.5800000e+02   9.6759429e-01
   7.5700000e+02   9.6856661e-01
   7.5600000e+02   9.6949197e-01
   7.5500000e+02   9.7036992e-01
   7.5400000e+02   9.7120046e-01
   7.5300000e+02   9.7198390e-01
   7.5200000e+02   9.7272081e-01
   7.5100000e+02   9.7341199e-01
   7.5000000e+02   9.7405836e-01
   7.4900000e+02   9.7466178e-01
   7.4800000e+02   9.7522706e-01
   7.4700000e+02   9.7575921e-01
   7.4600000e+02   9.7626267e-01
   7.4500000e+02   9.7674137e-01
   7.4400000e+02   9.7719880e-01
   7.4300000e+02   9.7763802e-01
   7.4200000e+02   9.7806178e-01
   7.4100000e+02   9.7847251e-01
   7.4000000e+02   9.7887233e-01
   7.3900000e+02   9.7926267e-01
   7.3800000e+02   9.7964300e-01
   7.3700000e+02   9.8001246e-01
   7.3600000e+02   9.8037033e-01
   7.3500000e+02   9.8071605e-01
   7.3400000e+02   9.8104916e-01
   7.3300000e+02   9.8136932e-01
   7.3200000e+02   9.8167629e-01
   7.3100000e+02   9.8196988e-01
   7.3000000e+02   9.8224999e-01
   7.2900000e+02   9.8251676e-01
   7.2800000e+02   9.8277105e-01
   7.2700000e+02   9.8301383e-01
   7.2600000e+02   9.8324599e-01
   7.2500000e+02   9.8346836e-01
   7.2400000e+02   9.8368169e-01
   7.2300000e+02   9.8388668e-01
   7.2200000e+02   9.8408398e-01
   7.2100000e+02   9.8427421e-01
   7.2000000e+02   9.8445791e-01
   7.1900000e+02   9.8463555e-01
   7.1800000e+02   9.8480731e-01
   7.1700000e+02   9.8497336e-01
   7.1600000e+02   9.8513379e-01
   7.1500000e+02   9.8528874e-01
   7.1400000e+02   9.8543834e-01
   7.1300000e+02   9.8558271e-01
   7.1200000e+02   9.8572194e-01
   7.1100000e+02   9.8585617e-01
   7.1000000e+02   9.8598551e-01
   7.0900000e+02   9.8611005e-01
   7.0800000e+02   9.8622988e-01
   7.0700000e+02   9.8634508e-01
   7.0600000e+02   9.8645573e-01
   7.0500000e+02   9.8656192e-01
   7.0400000e+02   9.8666374e-01
   7.0300000e+02   9.8676126e-01
   7.0200000e+02   9.8685459e-01
   7.0100000e+02   9.8694378e-01
   7.0000000e+02   9.8702893e-01
   6.9900000e+02   9.8711016e-01
   6.9800000e+02   9.8718788e-01
   6.9700000e+02   9.8726253e-01
   6.9600000e+02   9.8733450e-01
   6.9500000e+02   9.8740417e-01
   6.9400000e+02   9.8747191e-01
   6.9300000e+02   9.8753803e-01
   6.9200000e+02   9.8760285e-01
   6.9100000e+02   9.8766666e-01
   6.9000000e+02   9.8772974e-01
   6.8900000e+02   9.8779224e-01
   6.8800000e+02   9.8785400e-01
   6.8700000e+02   9.8791478e-01
   6.8600000e+02   9.8797435e-01
   6.8500000e+02   9.8803250e-01
   6.8400000e+02   9.8808904e-01
   6.8300000e+02   9.8814379e-01
   6.8200000e+02   9.8819658e-01
   6.8100000e+02   9.8824725e-01
   6.8000000e+02   9.8829566e-01
   6.7900000e+02   9.8834171e-01
   6.7800000e+02   9.8838549e-01
   6.7700000e+02   9.8842715e-01
   6.7600000e+02   9.8846681e-01
   6.7500000e+02   9.8850460e-01
   6.7400000e+02   9.8854064e-01
   6.7300000e+02   9.8857506e-01
   6.7200000e+02   9.8860798e-01
   6.7100000e+02   9.8863951e-01
   6.7000000e+02   9.8866977e-01
   6.6900000e+02   9.8869883e-01
   6.6800000e+02   9.8872661e-01
   6.6700000e+02   9.8875298e-01
   6.6600000e+02   9.8877782e-01
   6.6500000e+02   9.8880098e-01
   6.6400000e+02   9.8882233e-01
   6.6300000e+02   9.8884173e-01
   6.6200000e+02   9.8885904e-01
   6.6100000e+02   9.8887411e-01
   6.6000000e+02   9.8888681e-01
   6.5900000e+02   9.8889727e-01
   6.5800000e+02   9.8890660e-01
   6.5700000e+02   9.8891618e-01
   6.5600000e+02   9.8892732e-01
   6.5500000e+02   9.8894131e-01
   6.5400000e+02   9.8895943e-01
   6.5300000e+02   9.8898288e-01
   6.5200000e+02   9.8901287e-01
   6.5100000e+02   9.8905056e-01
   6.5000000e+02   9.8909708e-01
   6.4900000e+02   9.8915286e-01
   6.4800000e+02   9.8921539e-01
   6.4700000e+02   9.8928155e-01
   6.4600000e+02   9.8934828e-01
   6.4500000e+02   9.8941260e-01
   6.4400000e+02   9.8947159e-01
   6.4300000e+02   9.8952238e-01
   6.4200000e+02   9.8956218e-01
   6.4100000e+02   9.8958825e-01
   6.4000000e+02   9.8959791e-01
   6.3900000e+02   9.8958958e-01
   6.3800000e+02   9.8956587e-01
   6.3700000e+02   9.8953034e-01
   6.3600000e+02   9.8948649e-01
   6.3500000e+02   9.8943772e-01
   6.3400000e+02   9.8938737e-01
   6.3300000e+02   9.8933869e-01
   6.3200000e+02   9.8929486e-01
   6.3100000e+02   9.8925899e-01
   6.3000000e+02   9.8923411e-01
   6.2900000e+02   9.8922242e-01
   6.2800000e+02   9.8922297e-01
   6.2700000e+02   9.8923410e-01
   6.2600000e+02   9.8925416e-01
   6.2500000e+02   9.8928152e-01
   6.2400000e+02   9.8931464e-01
   6.2300000e+02   9.8935196e-01
   6.2200000e+02   9.8939197e-01
   6.2100000e+02   9.8943321e-01
   6.2000000e+02   9.8947425e-01
   6.1900000e+02   9.8951380e-01
   6.1800000e+02   9.8955120e-01
   6.1700000e+02   9.8958596e-01
   6.1600000e+02   9.8961756e-01
   6.1500000e+02   9.8964551e-01
   6.1400000e+02   9.8966933e-01
   6.1300000e+02   9.8968856e-01
   6.1200000e+02   9.8970272e-01
   6.1100000e+02   9.8971135e-01
   6.1000000e+02   9.8971402e-01
   6.0900000e+02   9.8971044e-01
   6.0800000e+02   9.8970110e-01
   6.0700000e+02   9.8968663e-01
   6.0600000e+02   9.8966768e-01
   6.0500000e+02   9.8964486e-01
   6.0400000e+02   9.8961880e-01
   6.0300000e+02   9.8959010e-01
   6.0200000e+02   9.8955937e-01
   6.0100000e+02   9.8952721e-01
   6.0000000e+02   9.8949421e-01
   5.9900000e+02   9.8946080e-01
   5.9800000e+02   9.8942682e-01
   5.9700000e+02   9.8939198e-01
   5.9600000e+02   9.8935595e-01
   5.9500000e+02   9.8931844e-01
   5.9400000e+02   9.8927916e-01
   5.9300000e+02   9.8923780e-01
   5.9200000e+02   9.8919407e-01
   5.9100000e+02   9.8914770e-01
   5.9000000e+02   9.8909840e-01
   5.8900000e+02   9.8904606e-01
   5.8800000e+02   9.8899122e-01
   5.8700000e+02   9.8893456e-01
   5.8600000e+02   9.8887677e-01
   5.8500000e+02   9.8881852e-01
   5.8400000e+02   9.8876047e-01
   5.8300000e+02   9.8870327e-01
   5.8200000e+02   9.8864758e-01
   5.8100000e+02   9.8859400e-01
   5.8000000e+02   9.8854317e-01
   5.7900000e+02   9.8849533e-01
   5.7800000e+02   9.8844932e-01
   5.7700000e+02   9.8840365e-01
   5.7600000e+02   9.8835686e-01
   5.7500000e+02   9.8830748e-01
   5.7400000e+02   9.8825410e-01
   5.7300000e+02   9.8819529e-01
   5.7200000e+02   9.8812967e-01
   5.7100000e+02   9.8805585e-01
   5.7000000e+02   9.8797246e-01
   5.6900000e+02   9.8787876e-01
   5.6800000e+02   9.8777643e-01
   5.6700000e+02   9.8766771e-01
   5.6600000e+02   9.8755484e-01
   5.6500000e+02   9.8744000e-01
   5.6400000e+02   9.8732535e-01
   5.6300000e+02   9.8721305e-01
   5.6200000e+02   9.8710520e-01
   5.6100000e+02   9.8700393e-01
   5.6000000e+02   9.8691131e-01
   5.5900000e+02   9.8682882e-01
   5.5800000e+02   9.8675565e-01
   5.5700000e+02   9.8669040e-01
   5.5600000e+02   9.8663173e-01
   5.5500000e+02   9.8657829e-01
   5.5400000e+02   9.8652875e-01
   5.5300000e+02   9.8648183e-01
   5.5200000e+02   9.8643624e-01
   5.5100000e+02   9.8639073e-01
   5.5000000e+02   9.8634406e-01
   5.4900000e+02   9.8629486e-01
   5.4800000e+02   9.8624127e-01
   5.4700000e+02   9.8618123e-01
   5.4600000e+02   9.8611270e-01
   5.4500000e+02   9.8603360e-01
   5.4400000e+02   9.8594182e-01
   5.4300000e+02   9.8583523e-01
   5.4200000e+02   9.8571166e-01
   5.4100000e+02   9.8556891e-01
   5.4000000e+02   9.8540473e-01
   5.3900000e+02   9.8521762e-01
   5.3800000e+02   9.8500922e-01
   5.3700000e+02   9.8478196e-01
   5.3600000e+02   9.8453826e-01
   5.3500000e+02   9.8428056e-01
   5.3400000e+02   9.8401131e-01
   5.3300000e+02   9.8373294e-01
   5.3200000e+02   9.8344794e-01
   5.3100000e+02   9.8315879e-01
   5.3000000e+02   9.8286803e-01
   5.2900000e+02   9.8257766e-01
   5.2800000e+02   9.8228762e-01
   5.2700000e+02   9.8199726e-01
   5.2600000e+02   9.8170595e-01
   5.2500000e+02   9.8141297e-01
   5.2400000e+02   9.8111762e-01
   5.2300000e+02   9.8081911e-01
   5.2200000e+02   9.8051664e-01
   5.2100000e+02   9.8020935e-01
   5.2000000e+02   9.7989634e-01
   5.1900000e+02   9.7957669e-01
   5.1800000e+02   9.7924948e-01
   5.1700000e+02   9.7891380e-01
   5.1600000e+02   9.7856867e-01
   5.1500000e+02   9.7821311e-01
   5.1400000e+02   9.7784602e-01
   5.1300000e+02   9.7746627e-01
   5.1200000e+02   9.7707267e-01
   5.1100000e+02   9.7666395e-01
   5.1000000e+02   9.7623880e-01
   5.0900000e+02   9.7579587e-01
   5.0800000e+02   9.7533380e-01
   5.0700000e+02   9.7485112e-01
   5.0600000e+02   9.7434626e-01
   5.0500000e+02   9.7381752e-01
   5.0400000e+02   9.7326304e-01
   5.0300000e+02   9.7268077e-01
   5.0200000e+02   9.7206851e-01
   5.0100000e+02   9.7142385e-01
   5.0000000e+02   9.7074414e-01
   4.9900000e+02   9.7002687e-01
   4.9800000e+02   9.6927054e-01
   4.9700000e+02   9.6847383e-01
   4.9600000e+02   9.6763523e-01
   4.9500000e+02   9.6675308e-01
   4.9400000e+02   9.6582548e-01
   4.9300000e+02   9.6485034e-01
   4.9200000e+02   9.6382528e-01
   4.9100000e+02   9.6274768e-01
   4.9000000e+02   9.6161462e-01
   4.8900000e+02   9.6042133e-01
   4.8800000e+02   9.5915631e-01
   4.8700000e+02   9.5780526e-01
   4.8600000e+02   9.5635220e-01
   4.8500000e+02   9.5477925e-01
   4.8400000e+02   9.5306626e-01
   4.8300000e+02   9.5119041e-01
   4.8200000e+02   9.4912570e-01
   4.8100000e+02   9.4684232e-01
   4.8000000e+02   9.4430597e-01
   4.7900000e+02   9.4148072e-01
   4.7800000e+02   9.3834084e-01
   4.7700000e+02   9.3485976e-01
   4.7600000e+02   9.3100527e-01
   4.7500000e+02   9.2673835e-01
   4.7400000e+02   9.2201144e-01
   4.7300000e+02   9.1676641e-01
   4.7200000e+02   9.1093155e-01
   4.7100000e+02   9.0441803e-01
   4.7000000e+02   8.9711497e-01
   4.6900000e+02   8.8887483e-01
   4.6800000e+02   8.7947737e-01
   4.6700000e+02   8.6863584e-01
   4.6600000e+02   8.5598578e-01
   4.6500000e+02   8.4106204e-01
   4.6400000e+02   8.2326869e-01
   4.6300000e+02   8.0184287e-01
   4.6200000e+02   7.7581652e-01
   4.6100000e+02   7.4398580e-01
   4.6000000e+02   7.0491531e-01
   4.5900000e+02   6.5705537e-01
   4.5800000e+02   5.9908519e-01
   4.5700000e+02   5.3052998e-01
   4.5600000e+02   4.5290108e-01
   4.5500000e+02   3.7119181e-01
   4.5400000e+02   2.9476089e-01
   4.5300000e+02   2.3577781e-01
   4.5200000e+02   2.0433709e-01
   4.5100000e+02   2.0303223e-01
   4.5000000e+02   2.2587394e-01
   4.4900000e+02   2.6235130e-01
   4.4800000e+02   3.0246669e-01
   4.4700000e+02   3.3926186e-01
   4.4600000e+02   3.6892648e-01
   4.4500000e+02   3.8987030e-01
   4.4400000e+02   4.0175045e-01
   4.4300000e+02   4.0480632e-01
   4.4200000e+02   3.9949710e-01
   4.4100000e+02   3.8635493e-01
   4.4000000e+02   3.6597222e-01
   4.3900000e+02   3.3908050e-01
   4.3800000e+02   3.0668816e-01
   4.3700000e+02   2.7020341e-01
   4.3600000e+02   2.3154392e-01
   4.3500000e+02   1.9315982e-01
   4.3400000e+02   1.5789147e-01
   4.3300000e+02   1.2861392e-01
   4.3200000e+02   1.0770788e-01
   4.3100000e+02   9.6513441e-02
   4.3000000e+02   9.4987384e-02
   4.2900000e+02   1.0172887e-01
   4.2800000e+02   1.1436301e-01
   4.2700000e+02   1.3006693e-01
   4.2600000e+02   1.4607352e-01
   4.2500000e+02   1.6003090e-01
   4.2400000e+02   1.7018653e-01
   4.2300000e+02   1.7543387e-01
   4.2200000e+02   1.7529051e-01
   4.2100000e+02   1.6985411e-01
   4.2000000e+02   1.5976148e-01
   4.1900000e+02   1.4614777e-01
   4.1800000e+02   1.3057723e-01
   4.1700000e+02   1.1485582e-01
   4.1600000e+02   1.0077487e-01
   4.1500000e+02   8.9823860e-02
   4.1400000e+02   8.2939497e-02
   4.1300000e+02   8.0371552e-02
   4.1200000e+02   8.1712731e-02
   4.1100000e+02   8.6078006e-02
   4.1000000e+02   9.2368392e-02
   4.0900000e+02   9.9547722e-02
   4.0800000e+02   1.0688048e-01
   4.0700000e+02   1.1404571e-01
   4.0600000e+02   1.2121919e-01
   4.0500000e+02   1.2911041e-01
   4.0400000e+02   1.3891889e-01
   4.0300000e+02   1.5216215e-01
   4.0200000e+02   1.7034250e-01
   4.0100000e+02   1.9449529e-01
   4.0000000e+02   2.2478205e-01
   3.9900000e+02   2.6034599e-01
   3.9800000e+02   2.9954261e-01
   3.9700000e+02   3.4041017e-01
   3.9600000e+02   3.8112526e-01
   3.9500000e+02   4.2028092e-01
   3.9400000e+02   4.5696400e-01
   3.9300000e+02   4.9069604e-01
   3.9200000e+02   5.2131989e-01
   3.9100000e+02   5.4888568e-01
   3.9000000e+02   5.7356059e-01
   3.8900000e+02   5.9548889e-01
   3.8800000e+02   6.1455626e-01
   3.8700000e+02   6.3066511e-01
   3.8600000e+02   6.4380928e-01
   3.8500000e+02   6.5405835e-01
   3.8400000e+02   6.6154042e-01
   3.8300000e+02   6.6642763e-01
   3.8200000e+02   6.6892518e-01
   3.8100000e+02   6.6926554e-01
   3.8000000e+02   6.6770767e-01
   3.7900000e+02   6.6456357e-01
   3.7800000e+02   6.6024546e-01
   3.7700000e+02   6.5515309e-01
   3.7600000e+02   6.4964463e-01
   3.7500000e+02   6.4402774e-01
   3.7400000e+02   6.3854261e-01
   3.7300000e+02   6.3334422e-01
   3.7200000e+02   6.2849153e-01
   3.7100000e+02   6.2394762e-01
   3.7000000e+02   6.1958951e-01
   3.6900000e+02   6.1526915e-01
   3.6800000e+02   6.1097303e-01
   3.6700000e+02   6.0671896e-01
   3.6600000e+02   6.0253019e-01
   3.6500000e+02   5.9844002e-01
   3.6400000e+02   5.9448878e-01
   3.6300000e+02   5.9071781e-01
   3.6200000e+02   5.8716366e-01
   3.6100000e+02   5.8385452e-01
   3.6000000e+02   5.8080985e-01
   3.5900000e+02   5.7802569e-01
   3.5800000e+02   5.7543540e-01
   3.5700000e+02   5.7298462e-01
   3.5600000e+02   5.7064662e-01
   3.5500000e+02   5.6841625e-01
   3.5400000e+02   5.6630472e-01
   3.5300000e+02   5.6433491e-01
   3.5200000e+02   5.6253761e-01
   3.5100000e+02   5.6094835e-01
   3.5000000e+02   5.5960516e-01
   3.4900000e+02   5.5853722e-01
   3.4800000e+02   5.5773345e-01
   3.4700000e+02   5.5717137e-01
   3.4600000e+02   5.5682712e-01
   3.4500000e+02   5.5667591e-01
   3.4400000e+02   5.5669224e-01
   3.4300000e+02   5.5685017e-01
   3.4200000e+02   5.5712354e-01
   3.4100000e+02   5.5748618e-01
   3.4000000e+02   5.5791198e-01
   3.3900000e+02   5.5837953e-01
   3.3800000e+02   5.5888544e-01
   3.3700000e+02   5.5943067e-01
   3.3600000e+02   5.6001605e-01
   3.3500000e+02   5.6064228e-01
   3.3400000e+02   5.6130986e-01
   3.3300000e+02   5.6201917e-01
   3.3200000e+02   5.6277044e-01
   3.3100000e+02   5.6356373e-01
   3.3000000e+02   5.6439895e-01
   3.2900000e+02   5.6527653e-01
   3.2800000e+02   5.6619959e-01
   3.2700000e+02   5.6717201e-01
   3.2600000e+02   5.6819784e-01
   3.2500000e+02   5.6928131e-01
   3.2400000e+02   5.7042682e-01
   3.2300000e+02   5.7163902e-01
   3.2200000e+02   5.7292278e-01
   3.2100000e+02   5.7428325e-01
   3.2000000e+02   5.7572596e-01
   3.1900000e+02   5.7725711e-01
   3.1800000e+02   5.7888437e-01
   3.1700000e+02   5.8061522e-01
   3.1600000e+02   5.8245641e-01
   3.1500000e+02   5.8441398e-01
   3.1400000e+02   5.8649319e-01
   3.1300000e+02   5.8869849e-01
   3.1200000e+02   5.9103354e-01
   3.1100000e+02   5.9350115e-01
   3.1000000e+02   5.9610333e-01
   3.0900000e+02   5.9884267e-01
   3.0800000e+02   6.0172864e-01
   3.0700000e+02   6.0477698e-01
   3.0600000e+02   6.0800887e-01
   3.0500000e+02   6.1145124e-01
   3.0400000e+02   6.1513726e-01
   3.0300000e+02   6.1910704e-01
   3.0200000e+02   6.2340868e-01
   3.0100000e+02   6.2809950e-01
   3.0000000e+02   6.3324757e-01
   2.9900000e+02   6.3890191e-01
   2.9800000e+02   6.4499320e-01
   2.9700000e+02   6.5141806e-01
   2.9600000e+02   6.5806857e-01
   2.9500000e+02   6.6483239e-01
   2.9400000e+02   6.7159328e-01
   2.9300000e+02   6.7823165e-01
   2.9200000e+02   6.8462485e-01
   2.9100000e+02   6.9064701e-01
   2.9000000e+02   6.9616800e-01
   2.8900000e+02   7.0109082e-01
   2.8800000e+02   7.0546662e-01
   2.8700000e+02   7.0937412e-01
   2.8600000e+02   7.1288056e-01
   2.8500000e+02   7.1604196e-01
   2.8400000e+02   7.1890290e-01
   2.8300000e+02   7.2149589e-01
   2.8200000e+02   7.2384043e-01
   2.8100000e+02   7.2594185e-01
   2.8000000e+02   7.2779025e-01
   2.7900000e+02   7.2936493e-01
   2.7800000e+02   7.3065680e-01
   2.7700000e+02   7.3166536e-01
   2.7600000e+02   7.3239563e-01
   2.7500000e+02   7.3285843e-01
   2.7400000e+02   7.3307075e-01
   2.7300000e+02   7.3305618e-01
   2.7200000e+02   7.3284525e-01
   2.7100000e+02   7.3247576e-01
   2.7000000e+02   7.3199309e-01
   2.6900000e+02   7.3142207e-01
   2.6800000e+02   7.3067884e-01
   2.6700000e+02   7.2964850e-01
   2.6600000e+02   7.2821212e-01
   2.6500000e+02   7.2624592e-01
   2.6400000e+02   7.2361976e-01
   2.6300000e+02   7.2019466e-01
   2.6200000e+02   7.1581952e-01
   2.6100000e+02   7.1032673e-01
   2.6000000e+02   7.0352664e-01
   2.5900000e+02   6.9525441e-01
   2.5800000e+02   6.8554080e-01
   2.5700000e+02   6.7448078e-01
   2.5600000e+02   6.6219124e-01
   2.5500000e+02   6.4881856e-01
   2.5400000e+02   6.3454547e-01
   2.5300000e+02   6.1959661e-01
   2.5200000e+02   6.0424211e-01
   2.5100000e+02   5.8879857e-01
   2.5000000e+02   5.7362696e-01
   2.4900000e+02   5.5912761e-01
   2.4800000e+02   5.4573243e-01
   2.4700000e+02   5.3382266e-01
   2.4600000e+02   5.2348847e-01
   2.4500000e+02   5.1472491e-01
   2.4400000e+02   5.0750494e-01
   2.4300000e+02   5.0178303e-01
   2.4200000e+02   4.9749809e-01
   2.4100000e+02   4.9457622e-01
   2.4000000e+02   4.9293286e-01
   2.3900000e+02   4.9247439e-01
   2.3800000e+02   4.9309967e-01
   2.3700000e+02   4.9470091e-01
   2.3600000e+02   4.9716471e-01
   2.3500000e+02   5.0037272e-01
   2.3400000e+02   5.0420250e-01
   2.3300000e+02   5.0852814e-01
   2.3200000e+02   5.1322117e-01
   2.3100000e+02   5.1815103e-01
   2.3000000e+02   5.2318602e-01
   2.2900000e+02   5.2819362e-01
   2.2800000e+02   5.3304102e-01
   2.2700000e+02   5.3759513e-01
   2.2600000e+02   5.4172255e-01
   2.2500000e+02   5.4529087e-01
   2.2400000e+02   5.4823958e-01
   2.2300000e+02   5.5060220e-01
   2.2200000e+02   5.5241780e-01
   2.2100000e+02   5.5372479e-01
   2.2000000e+02   5.5456143e-01
   2.1900000e+02   5.5496568e-01
   2.1800000e+02   5.5497585e-01
   2.1700000e+02   5.5463066e-01
   2.1600000e+02   5.5396956e-01
   2.1500000e+02   5.5303296e-01
   2.1400000e+02   5.5186249e-01
   2.1300000e+02   5.5050118e-01
   2.1200000e+02   5.4899365e-01
   2.1100000e+02   5.4738620e-01
   2.1000000e+02   5.4572701e-01
   2.0900000e+02   5.4406606e-01
   2.0800000e+02   5.4245527e-01
   2.0700000e+02   5.4094829e-01
   2.0600000e+02   5.3959814e-01
   2.0500000e+02   5.3842282e-01
   2.0400000e+02   5.3741273e-01
   2.0300000e+02   5.3655710e-01
   2.0200000e+02   5.3584510e-01
   2.0100000e+02   5.3526577e-01
   2.0000000e+02   5.3480819e-01
