   1.1000000e+03   3.5450000e+00   3.0217000e-05
   1.0990000e+03   3.5452647e+00   3.1054987e-05
   1.0980000e+03   3.5455108e+00   3.1916235e-05
   1.0970000e+03   3.5457398e+00   3.2801797e-05
   1.0960000e+03   3.5459535e+00   3.3712727e-05
   1.0950000e+03   3.5461533e+00   3.4650077e-05
   1.0940000e+03   3.5463409e+00   3.5614901e-05
   1.0930000e+03   3.5465177e+00   3.6608253e-05
   1.0920000e+03   3.5466855e+00   3.7631184e-05
   1.0910000e+03   3.5468457e+00   3.8684749e-05
   1.0900000e+03   3.5470000e+00   3.9770000e-05
   1.0890000e+03   3.5471503e+00   4.0887562e-05
   1.0880000e+03   3.5473005e+00   4.2036343e-05
   1.0870000e+03   3.5474547e+00   4.3214823e-05
   1.0860000e+03   3.5476172e+00   4.4421480e-05
   1.0850000e+03   3.5477921e+00   4.5654795e-05
   1.0840000e+03   3.5479836e+00   4.6913245e-05
   1.0830000e+03   3.5481959e+00   4.8195312e-05
   1.0820000e+03   3.5484333e+00   4.9499474e-05
   1.0810000e+03   3.5486999e+00   5.0824210e-05
   1.0800000e+03   3.5490000e+00   5.2168000e-05
   1.0790000e+03   3.5493359e+00   5.3530824e-05
   1.0780000e+03   3.5497031e+00   5.4918664e-05
   1.0770000e+03   3.5500952e+00   5.6339005e-05
   1.0760000e+03   3.5505058e+00   5.7799329e-05
   1.0750000e+03   3.5509284e+00   5.9307120e-05
   1.0740000e+03   3.5513568e+00   6.0869861e-05
   1.0730000e+03   3.5517846e+00   6.2495036e-05
   1.0720000e+03   3.5522053e+00   6.4190129e-05
   1.0710000e+03   3.5526125e+00   6.5962622e-05
   1.0700000e+03   3.5530000e+00   6.7820000e-05
   1.0690000e+03   3.5533629e+00   6.9769487e-05
   1.0680000e+03   3.5537029e+00   7.1817272e-05
   1.0670000e+03   3.5540234e+00   7.3969287e-05
   1.0660000e+03   3.5543277e+00   7.6231461e-05
   1.0650000e+03   3.5546192e+00   7.8609727e-05
   1.0640000e+03   3.5549011e+00   8.1110015e-05
   1.0630000e+03   3.5551768e+00   8.3738255e-05
   1.0620000e+03   3.5554496e+00   8.6500379e-05
   1.0610000e+03   3.5557229e+00   8.9402317e-05
   1.0600000e+03   3.5560000e+00   9.2450000e-05
   1.0590000e+03   3.5562835e+00   9.5647541e-05
   1.0580000e+03   3.5565732e+00   9.8991784e-05
   1.0570000e+03   3.5568681e+00   1.0247775e-04
   1.0560000e+03   3.5571673e+00   1.0610047e-04
   1.0550000e+03   3.5574699e+00   1.0985497e-04
   1.0540000e+03   3.5577749e+00   1.1373627e-04
   1.0530000e+03   3.5580813e+00   1.1773940e-04
   1.0520000e+03   3.5583883e+00   1.2185938e-04
   1.0510000e+03   3.5586948e+00   1.2609124e-04
   1.0500000e+03   3.5590000e+00   1.3043000e-04
   1.0490000e+03   3.5593031e+00   1.3487168e-04
   1.0480000e+03   3.5596043e+00   1.3941623e-04
   1.0470000e+03   3.5599041e+00   1.4406461e-04
   1.0460000e+03   3.5602029e+00   1.4881776e-04
   1.0450000e+03   3.5605012e+00   1.5367664e-04
   1.0440000e+03   3.5607993e+00   1.5864218e-04
   1.0430000e+03   3.5610979e+00   1.6371534e-04
   1.0420000e+03   3.5613972e+00   1.6889706e-04
   1.0410000e+03   3.5616978e+00   1.7418830e-04
   1.0400000e+03   3.5620000e+00   1.7959000e-04
   1.0390000e+03   3.5623042e+00   1.8510370e-04
   1.0380000e+03   3.5626096e+00   1.9073329e-04
   1.0370000e+03   3.5629155e+00   1.9648325e-04
   1.0360000e+03   3.5632211e+00   2.0235807e-04
   1.0350000e+03   3.5635254e+00   2.0836223e-04
   1.0340000e+03   3.5638277e+00   2.1450021e-04
   1.0330000e+03   3.5641272e+00   2.2077649e-04
   1.0320000e+03   3.5644229e+00   2.2719557e-04
   1.0310000e+03   3.5647142e+00   2.3376191e-04
   1.0300000e+03   3.5650000e+00   2.4048000e-04
   1.0290000e+03   3.5652803e+00   2.4735170e-04
   1.0280000e+03   3.5655572e+00   2.5436838e-04
   1.0270000e+03   3.5658338e+00   2.6151878e-04
   1.0260000e+03   3.5661128e+00   2.6879164e-04
   1.0250000e+03   3.5663971e+00   2.7617570e-04
   1.0240000e+03   3.5666897e+00   2.8365970e-04
   1.0230000e+03   3.5669934e+00   2.9123239e-04
   1.0220000e+03   3.5673111e+00   2.9888251e-04
   1.0210000e+03   3.5676456e+00   3.0659880e-04
   1.0200000e+03   3.5680000e+00   3.1437000e-04
   1.0190000e+03   3.5683758e+00   3.2218839e-04
   1.0180000e+03   3.5687695e+00   3.3006038e-04
   1.0170000e+03   3.5691764e+00   3.3799593e-04
   1.0160000e+03   3.5695919e+00   3.4600498e-04
   1.0150000e+03   3.5700112e+00   3.5409748e-04
   1.0140000e+03   3.5704296e+00   3.6228339e-04
   1.0130000e+03   3.5708424e+00   3.7057264e-04
   1.0120000e+03   3.5712449e+00   3.7897519e-04
   1.0110000e+03   3.5716323e+00   3.8750100e-04
   1.0100000e+03   3.5720000e+00   3.9616000e-04
   1.0090000e+03   3.5723447e+00   4.0496009e-04
   1.0080000e+03   3.5726689e+00   4.1390088e-04
   1.0070000e+03   3.5729766e+00   4.2297994e-04
   1.0060000e+03   3.5732717e+00   4.3219484e-04
   1.0050000e+03   3.5735581e+00   4.4154312e-04
   1.0040000e+03   3.5738400e+00   4.5102236e-04
   1.0030000e+03   3.5741211e+00   4.6063010e-04
   1.0020000e+03   3.5744055e+00   4.7036391e-04
   1.0010000e+03   3.5746972e+00   4.8022136e-04
   1.0000000e+03   3.5750000e+00   4.9020000e-04
   9.9900000e+02   3.5753175e+00   5.0029766e-04
   9.9800000e+02   3.5756510e+00   5.1051321e-04
   9.9700000e+02   3.5760013e+00   5.2084582e-04
   9.9600000e+02   3.5763695e+00   5.3129463e-04
   9.9500000e+02   3.5767563e+00   5.4185878e-04
   9.9400000e+02   3.5771625e+00   5.5253743e-04
   9.9300000e+02   3.5775892e+00   5.6332973e-04
   9.9200000e+02   3.5780370e+00   5.7423483e-04
   9.9100000e+02   3.5785070e+00   5.8525187e-04
   9.9000000e+02   3.5790000e+00   5.9638000e-04
   9.8900000e+02   3.5795134e+00   6.0761813e-04
   9.8800000e+02   3.5800313e+00   6.1896419e-04
   9.8700000e+02   3.5805341e+00   6.3041586e-04
   9.8600000e+02   3.5810024e+00   6.4197082e-04
   9.8500000e+02   3.5814168e+00   6.5362675e-04
   9.8400000e+02   3.5817579e+00   6.6538135e-04
   9.8300000e+02   3.5820062e+00   6.7723229e-04
   9.8200000e+02   3.5821423e+00   6.8917726e-04
   9.8100000e+02   3.5821467e+00   7.0121393e-04
   9.8000000e+02   3.5820000e+00   7.1334000e-04
   9.7900000e+02   3.5816928e+00   7.2555474e-04
   9.7800000e+02   3.5812560e+00   7.3786379e-04
   9.7700000e+02   3.5807303e+00   7.5027439e-04
   9.7600000e+02   3.5801569e+00   7.6279378e-04
   9.7500000e+02   3.5795764e+00   7.7542920e-04
   9.7400000e+02   3.5790298e+00   7.8818788e-04
   9.7300000e+02   3.5785579e+00   8.0107706e-04
   9.7200000e+02   3.5782018e+00   8.1410399e-04
   9.7100000e+02   3.5780022e+00   8.2727589e-04
   9.7000000e+02   3.5780000e+00   8.4060000e-04
   9.6900000e+02   3.5782223e+00   8.5408219e-04
   9.6800000e+02   3.5786409e+00   8.6772282e-04
   9.6700000e+02   3.5792135e+00   8.8152087e-04
   9.6600000e+02   3.5798982e+00   8.9547534e-04
   9.6500000e+02   3.5806527e+00   9.0958520e-04
   9.6400000e+02   3.5814351e+00   9.2384944e-04
   9.6300000e+02   3.5822031e+00   9.3826706e-04
   9.6200000e+02   3.5829146e+00   9.5283704e-04
   9.6100000e+02   3.5835276e+00   9.6755835e-04
   9.6000000e+02   3.5840000e+00   9.8243000e-04
   9.5900000e+02   3.5843019e+00   9.9745107e-04
   9.5800000e+02   3.5844525e+00   1.0126211e-03
   9.5700000e+02   3.5844835e+00   1.0279397e-03
   9.5600000e+02   3.5844264e+00   1.0434066e-03
   9.5500000e+02   3.5843127e+00   1.0590213e-03
   9.5400000e+02   3.5841740e+00   1.0747835e-03
   9.5300000e+02   3.5840419e+00   1.0906928e-03
   9.5200000e+02   3.5839478e+00   1.1067489e-03
   9.5100000e+02   3.5839233e+00   1.1229514e-03
   9.5000000e+02   3.5840000e+00   1.1393000e-03
   9.4900000e+02   3.5842022e+00   1.1557896e-03
   9.4800000e+02   3.5845250e+00   1.1723967e-03
   9.4700000e+02   3.5849563e+00   1.1890931e-03
   9.4600000e+02   3.5854841e+00   1.2058506e-03
   9.4500000e+02   3.5860963e+00   1.2226410e-03
   9.4400000e+02   3.5867808e+00   1.2394362e-03
   9.4300000e+02   3.5875255e+00   1.2562078e-03
   9.4200000e+02   3.5883183e+00   1.2729278e-03
   9.4100000e+02   3.5891472e+00   1.2895679e-03
   9.4000000e+02   3.5900000e+00   1.3061000e-03
   9.3900000e+02   3.5908645e+00   1.3225123e-03
   9.3800000e+02   3.5917276e+00   1.3388586e-03
   9.3700000e+02   3.5925763e+00   1.3552094e-03
   9.3600000e+02   3.5933971e+00   1.3716351e-03
   9.3500000e+02   3.5941770e+00   1.3882059e-03
   9.3400000e+02   3.5949028e+00   1.4049923e-03
   9.3300000e+02   3.5955611e+00   1.4220645e-03
   9.3200000e+02   3.5961389e+00   1.4394929e-03
   9.3100000e+02   3.5966230e+00   1.4573480e-03
   9.3000000e+02   3.5970000e+00   1.4757000e-03
   9.2900000e+02   3.5972629e+00   1.4945960e-03
   9.2800000e+02   3.5974285e+00   1.5139896e-03
   9.2700000e+02   3.5975197e+00   1.5338113e-03
   9.2600000e+02   3.5975594e+00   1.5539914e-03
   9.2500000e+02   3.5975706e+00   1.5744603e-03
   9.2400000e+02   3.5975761e+00   1.5951484e-03
   9.2300000e+02   3.5975989e+00   1.6159861e-03
   9.2200000e+02   3.5976619e+00   1.6369036e-03
   9.2100000e+02   3.5977880e+00   1.6578315e-03
   9.2000000e+02   3.5980000e+00   1.6787000e-03
   9.1900000e+02   3.5983150e+00   1.6994572e-03
   9.1800000e+02   3.5987265e+00   1.7201213e-03
   9.1700000e+02   3.5992221e+00   1.7407284e-03
   9.1600000e+02   3.5997892e+00   1.7613144e-03
   9.1500000e+02   3.6004156e+00   1.7819153e-03
   9.1400000e+02   3.6010887e+00   1.8025669e-03
   9.1300000e+02   3.6017961e+00   1.8233052e-03
   9.1200000e+02   3.6025254e+00   1.8441662e-03
   9.1100000e+02   3.6032642e+00   1.8651858e-03
   9.1000000e+02   3.6040000e+00   1.8864000e-03
   9.0900000e+02   3.6047220e+00   1.9078368e-03
   9.0800000e+02   3.6054254e+00   1.9294923e-03
   9.0700000e+02   3.6061070e+00   1.9513547e-03
   9.0600000e+02   3.6067636e+00   1.9734125e-03
   9.0500000e+02   3.6073921e+00   1.9956537e-03
   9.0400000e+02   3.6079892e+00   2.0180666e-03
   9.0300000e+02   3.6085517e+00   2.0406394e-03
   9.0200000e+02   3.6090765e+00   2.0633604e-03
   9.0100000e+02   3.6095603e+00   2.0862179e-03
   9.0000000e+02   3.6100000e+00   2.1092000e-03
   8.9900000e+02   3.6103941e+00   2.1322981e-03
   8.9800000e+02   3.6107480e+00   2.1555160e-03
   8.9700000e+02   3.6110690e+00   2.1788607e-03
   8.9600000e+02   3.6113643e+00   2.2023389e-03
   8.9500000e+02   3.6116411e+00   2.2259576e-03
   8.9400000e+02   3.6119066e+00   2.2497237e-03
   8.9300000e+02   3.6121680e+00   2.2736441e-03
   8.9200000e+02   3.6124326e+00   2.2977257e-03
   8.9100000e+02   3.6127075e+00   2.3219753e-03
   8.9000000e+02   3.6130000e+00   2.3464000e-03
   8.8900000e+02   3.6133158e+00   2.3710049e-03
   8.8800000e+02   3.6136546e+00   2.3957884e-03
   8.8700000e+02   3.6140150e+00   2.4207473e-03
   8.8600000e+02   3.6143952e+00   2.4458784e-03
   8.8500000e+02   3.6147935e+00   2.4711785e-03
   8.8400000e+02   3.6152084e+00   2.4966443e-03
   8.8300000e+02   3.6156381e+00   2.5222725e-03
   8.8200000e+02   3.6160810e+00   2.5480601e-03
   8.8100000e+02   3.6165356e+00   2.5740036e-03
   8.8000000e+02   3.6170000e+00   2.6001000e-03
   8.7900000e+02   3.6174729e+00   2.6263469e-03
   8.7800000e+02   3.6179534e+00   2.6527457e-03
   8.7700000e+02   3.6184410e+00   2.6792990e-03
   8.7600000e+02   3.6189350e+00   2.7060091e-03
   8.7500000e+02   3.6194348e+00   2.7328785e-03
   8.7400000e+02   3.6199399e+00   2.7599097e-03
   8.7300000e+02   3.6204495e+00   2.7871050e-03
   8.7200000e+02   3.6209632e+00   2.8144668e-03
   8.7100000e+02   3.6214802e+00   2.8419977e-03
   8.7000000e+02   3.6220000e+00   2.8697000e-03
   8.6900000e+02   3.6225227e+00   2.8975758e-03
   8.6800000e+02   3.6230517e+00   2.9256256e-03
   8.6700000e+02   3.6235910e+00   2.9538494e-03
   8.6600000e+02   3.6241448e+00   2.9822475e-03
   8.6500000e+02   3.6247171e+00   3.0108199e-03
   8.6400000e+02   3.6253120e+00   3.0395666e-03
   8.6300000e+02   3.6259337e+00   3.0684879e-03
   8.6200000e+02   3.6265862e+00   3.0975838e-03
   8.6100000e+02   3.6272736e+00   3.1268545e-03
   8.6000000e+02   3.6280000e+00   3.1563000e-03
   8.5900000e+02   3.6287672e+00   3.1859206e-03
   8.5800000e+02   3.6295677e+00   3.2157168e-03
   8.5700000e+02   3.6303919e+00   3.2456895e-03
   8.5600000e+02   3.6312298e+00   3.2758393e-03
   8.5500000e+02   3.6320717e+00   3.3061670e-03
   8.5400000e+02   3.6329079e+00   3.3366734e-03
   8.5300000e+02   3.6337286e+00   3.3673592e-03
   8.5200000e+02   3.6345240e+00   3.3982250e-03
   8.5100000e+02   3.6352844e+00   3.4292717e-03
   8.5000000e+02   3.6360000e+00   3.4605000e-03
   8.4900000e+02   3.6366635e+00   3.4919105e-03
   8.4800000e+02   3.6372773e+00   3.5235032e-03
   8.4700000e+02   3.6378466e+00   3.5552782e-03
   8.4600000e+02   3.6383761e+00   3.5872353e-03
   8.4500000e+02   3.6388711e+00   3.6193745e-03
   8.4400000e+02   3.6393363e+00   3.6516957e-03
   8.4300000e+02   3.6397769e+00   3.6841989e-03
   8.4200000e+02   3.6401977e+00   3.7168841e-03
   8.4100000e+02   3.6406037e+00   3.7497511e-03
   8.4000000e+02   3.6410000e+00   3.7828000e-03
   8.3900000e+02   3.6413920e+00   3.8160308e-03
   8.3800000e+02   3.6417870e+00   3.8494447e-03
   8.3700000e+02   3.6421929e+00   3.8830430e-03
   8.3600000e+02   3.6426176e+00   3.9168268e-03
   8.3500000e+02   3.6430690e+00   3.9507976e-03
   8.3400000e+02   3.6435548e+00   3.9849565e-03
   8.3300000e+02   3.6440830e+00   4.0193050e-03
   8.3200000e+02   3.6446613e+00   4.0538442e-03
   8.3100000e+02   3.6452977e+00   4.0885754e-03
   8.3000000e+02   3.6460000e+00   4.1235000e-03
   8.2900000e+02   3.6467727e+00   4.1586191e-03
   8.2800000e+02   3.6476067e+00   4.1939338e-03
   8.2700000e+02   3.6484897e+00   4.2294449e-03
   8.2600000e+02   3.6494093e+00   4.2651534e-03
   8.2500000e+02   3.6503530e+00   4.3010602e-03
   8.2400000e+02   3.6513085e+00   4.3371661e-03
   8.2300000e+02   3.6522633e+00   4.3734721e-03
   8.2200000e+02   3.6532051e+00   4.4099792e-03
   8.2100000e+02   3.6541215e+00   4.4466882e-03
   8.2000000e+02   3.6550000e+00   4.4836000e-03
   8.1900000e+02   3.6558313e+00   4.5207155e-03
   8.1800000e+02   3.6566181e+00   4.5580352e-03
   8.1700000e+02   3.6573662e+00   4.5955596e-03
   8.1600000e+02   3.6580812e+00   4.6332891e-03
   8.1500000e+02   3.6587690e+00   4.6712243e-03
   8.1400000e+02   3.6594353e+00   4.7093655e-03
   8.1300000e+02   3.6600857e+00   4.7477132e-03
   8.1200000e+02   3.6607262e+00   4.7862678e-03
   8.1100000e+02   3.6613624e+00   4.8250300e-03
   8.1000000e+02   3.6620000e+00   4.8640000e-03
   8.0900000e+02   3.6626441e+00   4.9031787e-03
   8.0800000e+02   3.6632968e+00   4.9425677e-03
   8.0700000e+02   3.6639596e+00   4.9821692e-03
   8.0600000e+02   3.6646339e+00   5.0219852e-03
   8.0500000e+02   3.6653210e+00   5.0620178e-03
   8.0400000e+02   3.6660225e+00   5.1022689e-03
   8.0300000e+02   3.6667397e+00   5.1427406e-03
   8.0200000e+02   3.6674741e+00   5.1834350e-03
   8.0100000e+02   3.6682270e+00   5.2243541e-03
   8.0000000e+02   3.6690000e+00   5.2655000e-03
   7.9900000e+02   3.6697933e+00   5.3068736e-03
   7.9800000e+02   3.6706025e+00   5.3484715e-03
   7.9700000e+02   3.6714223e+00   5.3902894e-03
   7.9600000e+02   3.6722473e+00   5.4323228e-03
   7.9500000e+02   3.6730719e+00   5.4745672e-03
   7.9400000e+02   3.6738908e+00   5.5170182e-03
   7.9300000e+02   3.6746985e+00   5.5596715e-03
   7.9200000e+02   3.6754895e+00   5.6025225e-03
   7.9100000e+02   3.6762585e+00   5.6455668e-03
   7.9000000e+02   3.6770000e+00   5.6888000e-03
   7.8900000e+02   3.6777108e+00   5.7322209e-03
   7.8800000e+02   3.6783971e+00   5.7758414e-03
   7.8700000e+02   3.6790670e+00   5.8196765e-03
   7.8600000e+02   3.6797290e+00   5.8637413e-03
   7.8500000e+02   3.6803913e+00   5.9080510e-03
   7.8400000e+02   3.6810624e+00   5.9526206e-03
   7.8300000e+02   3.6817504e+00   5.9974652e-03
   7.8200000e+02   3.6824639e+00   6.0425999e-03
   7.8100000e+02   3.6832109e+00   6.0880398e-03
   7.8000000e+02   3.6840000e+00   6.1338000e-03
   7.7900000e+02   3.6848364e+00   6.1798886e-03
   7.7800000e+02   3.6857132e+00   6.2262861e-03
   7.7700000e+02   3.6866206e+00   6.2729659e-03
   7.7600000e+02   3.6875487e+00   6.3199015e-03
   7.7500000e+02   3.6884877e+00   6.3670663e-03
   7.7400000e+02   3.6894277e+00   6.4144338e-03
   7.7300000e+02   3.6903588e+00   6.4619775e-03
   7.7200000e+02   3.6912711e+00   6.5096707e-03
   7.7100000e+02   3.6921548e+00   6.5574871e-03
   7.7000000e+02   3.6930000e+00   6.6054000e-03
   7.6900000e+02   3.6938007e+00   6.6533931e-03
   7.6800000e+02   3.6945662e+00   6.7014909e-03
   7.6700000e+02   3.6953096e+00   6.7497280e-03
   7.6600000e+02   3.6960441e+00   6.7981390e-03
   7.6500000e+02   3.6967828e+00   6.8467587e-03
   7.6400000e+02   3.6975389e+00   6.8956217e-03
   7.6300000e+02   3.6983255e+00   6.9447627e-03
   7.6200000e+02   3.6991558e+00   6.9942163e-03
   7.6100000e+02   3.7000429e+00   7.0440172e-03
   7.6000000e+02   3.7010000e+00   7.0942000e-03
   7.5900000e+02   3.7020349e+00   7.1447904e-03
   7.5800000e+02   3.7031341e+00   7.1957776e-03
   7.5700000e+02   3.7042790e+00   7.2471421e-03
   7.5600000e+02   3.7054509e+00   7.2988640e-03
   7.5500000e+02   3.7066310e+00   7.3509238e-03
   7.5400000e+02   3.7078007e+00   7.4033016e-03
   7.5300000e+02   3.7089411e+00   7.4559779e-03
   7.5200000e+02   3.7100336e+00   7.5089328e-03
   7.5100000e+02   3.7110595e+00   7.5621468e-03
   7.5000000e+02   3.7120000e+00   7.6156000e-03
   7.4900000e+02   3.7128429e+00   7.6692757e-03
   7.4800000e+02   3.7136014e+00   7.7231683e-03
   7.4700000e+02   3.7142953e+00   7.7772752e-03
   7.4600000e+02   3.7149443e+00   7.8315937e-03
   7.4500000e+02   3.7155681e+00   7.8861212e-03
   7.4400000e+02   3.7161865e+00   7.9408550e-03
   7.4300000e+02   3.7168191e+00   7.9957924e-03
   7.4200000e+02   3.7174858e+00   8.0509309e-03
   7.4100000e+02   3.7182062e+00   8.1062676e-03
   7.4000000e+02   3.7190000e+00   8.1618000e-03
   7.3900000e+02   3.7198817e+00   8.2175293e-03
   7.3800000e+02   3.7208444e+00   8.2734724e-03
   7.3700000e+02   3.7218759e+00   8.3296499e-03
   7.3600000e+02   3.7229640e+00   8.3860826e-03
   7.3500000e+02   3.7240966e+00   8.4427913e-03
   7.3400000e+02   3.7252615e+00   8.4997967e-03
   7.3300000e+02   3.7264464e+00   8.5571195e-03
   7.3200000e+02   3.7276393e+00   8.6147805e-03
   7.3100000e+02   3.7288279e+00   8.6728004e-03
   7.3000000e+02   3.7300000e+00   8.7312000e-03
   7.2900000e+02   3.7311464e+00   8.7899928e-03
   7.2800000e+02   3.7322691e+00   8.8491639e-03
   7.2700000e+02   3.7333732e+00   8.9086912e-03
   7.2600000e+02   3.7344636e+00   8.9685526e-03
   7.2500000e+02   3.7355455e+00   9.0287260e-03
   7.2400000e+02   3.7366237e+00   9.0891893e-03
   7.2300000e+02   3.7377032e+00   9.1499205e-03
   7.2200000e+02   3.7387891e+00   9.2108974e-03
   7.2100000e+02   3.7398864e+00   9.2720979e-03
   7.2000000e+02   3.7410000e+00   9.3335000e-03
   7.1900000e+02   3.7421339e+00   9.3950888e-03
   7.1800000e+02   3.7432872e+00   9.4568785e-03
   7.1700000e+02   3.7444584e+00   9.5188905e-03
   7.1600000e+02   3.7456454e+00   9.5811463e-03
   7.1500000e+02   3.7468465e+00   9.6436672e-03
   7.1400000e+02   3.7480599e+00   9.7064748e-03
   7.1300000e+02   3.7492838e+00   9.7695905e-03
   7.1200000e+02   3.7505163e+00   9.8330356e-03
   7.1100000e+02   3.7517556e+00   9.8968316e-03
   7.1000000e+02   3.7530000e+00   9.9610000e-03
   7.0900000e+02   3.7542472e+00   1.0025557e-02
   7.0800000e+02   3.7554939e+00   1.0090501e-02
   7.0700000e+02   3.7567364e+00   1.0155822e-02
   7.0600000e+02   3.7579708e+00   1.0221513e-02
   7.0500000e+02   3.7591934e+00   1.0287568e-02
   7.0400000e+02   3.7604006e+00   1.0353976e-02
   7.0300000e+02   3.7615886e+00   1.0420732e-02
   7.0200000e+02   3.7627537e+00   1.0487826e-02
   7.0100000e+02   3.7638920e+00   1.0555251e-02
   7.0000000e+02   3.7650000e+00   1.0623000e-02
   6.9900000e+02   3.7660762e+00   1.0691065e-02
   6.9800000e+02   3.7671290e+00   1.0759439e-02
   6.9700000e+02   3.7681692e+00   1.0828120e-02
   6.9600000e+02   3.7692075e+00   1.0897100e-02
   6.9500000e+02   3.7702547e+00   1.0966375e-02
   6.9400000e+02   3.7713215e+00   1.1035940e-02
   6.9300000e+02   3.7724187e+00   1.1105791e-02
   6.9200000e+02   3.7735570e+00   1.1175921e-02
   6.9100000e+02   3.7747472e+00   1.1246326e-02
   6.9000000e+02   3.7760000e+00   1.1317000e-02
   6.8900000e+02   3.7773229e+00   1.1387947e-02
   6.8800000e+02   3.7787099e+00   1.1459198e-02
   6.8700000e+02   3.7801517e+00   1.1530794e-02
   6.8600000e+02   3.7816391e+00   1.1602775e-02
   6.8500000e+02   3.7831628e+00   1.1675182e-02
   6.8400000e+02   3.7847134e+00   1.1748054e-02
   6.8300000e+02   3.7862817e+00   1.1821432e-02
   6.8200000e+02   3.7878584e+00   1.1895355e-02
   6.8100000e+02   3.7894343e+00   1.1969864e-02
   6.8000000e+02   3.7910000e+00   1.2045000e-02
   6.7900000e+02   3.7925472e+00   1.2120769e-02
   6.7800000e+02   3.7940714e+00   1.2197049e-02
   6.7700000e+02   3.7955688e+00   1.2273684e-02
   6.7600000e+02   3.7970360e+00   1.2350519e-02
   6.7500000e+02   3.7984693e+00   1.2427397e-02
   6.7400000e+02   3.7998650e+00   1.2504164e-02
   6.7300000e+02   3.8012195e+00   1.2580663e-02
   6.7200000e+02   3.8025293e+00   1.2656739e-02
   6.7100000e+02   3.8037907e+00   1.2732237e-02
   6.7000000e+02   3.8050000e+00   1.2807000e-02
   6.6900000e+02   3.8061573e+00   1.2881002e-02
   6.6800000e+02   3.8072767e+00   1.2954725e-02
   6.6700000e+02   3.8083759e+00   1.3028784e-02
   6.6600000e+02   3.8094729e+00   1.3103790e-02
   6.6500000e+02   3.8105852e+00   1.3180355e-02
   6.6400000e+02   3.8117308e+00   1.3259092e-02
   6.6300000e+02   3.8129272e+00   1.3340612e-02
   6.6200000e+02   3.8141924e+00   1.3425529e-02
   6.6100000e+02   3.8155441e+00   1.3514454e-02
   6.6000000e+02   3.8170000e+00   1.3608000e-02
   6.5900000e+02   3.8185717e+00   1.3706294e-02
   6.5800000e+02   3.8202460e+00   1.3807521e-02
   6.5700000e+02   3.8220034e+00   1.3909382e-02
   6.5600000e+02   3.8238245e+00   1.4009578e-02
   6.5500000e+02   3.8256898e+00   1.4105808e-02
   6.5400000e+02   3.8275800e+00   1.4195774e-02
   6.5300000e+02   3.8294755e+00   1.4277176e-02
   6.5200000e+02   3.8313570e+00   1.4347714e-02
   6.5100000e+02   3.8332050e+00   1.4405088e-02
   6.5000000e+02   3.8350000e+00   1.4447000e-02
   6.4900000e+02   3.8367279e+00   1.4472332e-02
   6.4800000e+02   3.8383954e+00   1.4484702e-02
   6.4700000e+02   3.8400145e+00   1.4488910e-02
   6.4600000e+02   3.8415972e+00   1.4489754e-02
   6.4500000e+02   3.8431555e+00   1.4492036e-02
   6.4400000e+02   3.8447013e+00   1.4500555e-02
   6.4300000e+02   3.8462467e+00   1.4520111e-02
   6.4200000e+02   3.8478036e+00   1.4555504e-02
   6.4100000e+02   3.8493840e+00   1.4611534e-02
   6.4000000e+02   3.8510000e+00   1.4693000e-02
   6.3900000e+02   3.8526607e+00   1.4803008e-02
   6.3800000e+02   3.8543644e+00   1.4937885e-02
   6.3700000e+02   3.8561065e+00   1.5092263e-02
   6.3600000e+02   3.8578827e+00   1.5260772e-02
   6.3500000e+02   3.8596883e+00   1.5438046e-02
   6.3400000e+02   3.8615188e+00   1.5618717e-02
   6.3300000e+02   3.8633697e+00   1.5797415e-02
   6.3200000e+02   3.8652366e+00   1.5968774e-02
   6.3100000e+02   3.8671148e+00   1.6127425e-02
   6.3000000e+02   3.8690000e+00   1.6268000e-02
   6.2900000e+02   3.8708883e+00   1.6386441e-02
   6.2800000e+02   3.8727790e+00   1.6483933e-02
   6.2700000e+02   3.8746723e+00   1.6562969e-02
   6.2600000e+02   3.8765681e+00   1.6626044e-02
   6.2500000e+02   3.8784665e+00   1.6675653e-02
   6.2400000e+02   3.8803676e+00   1.6714289e-02
   6.2300000e+02   3.8822715e+00   1.6744448e-02
   6.2200000e+02   3.8841781e+00   1.6768623e-02
   6.2100000e+02   3.8860876e+00   1.6789309e-02
   6.2000000e+02   3.8880000e+00   1.6809000e-02
   6.1900000e+02   3.8899161e+00   1.6829948e-02
   6.1800000e+02   3.8918394e+00   1.6853432e-02
   6.1700000e+02   3.8937743e+00   1.6880488e-02
   6.1600000e+02   3.8957250e+00   1.6912155e-02
   6.1500000e+02   3.8976957e+00   1.6949467e-02
   6.1400000e+02   3.8996908e+00   1.6993462e-02
   6.1300000e+02   3.9017145e+00   1.7045176e-02
   6.1200000e+02   3.9037711e+00   1.7105646e-02
   6.1100000e+02   3.9058648e+00   1.7175908e-02
   6.1000000e+02   3.9080000e+00   1.7257000e-02
   6.0900000e+02   3.9101793e+00   1.7349587e-02
   6.0800000e+02   3.9123992e+00   1.7452853e-02
   6.0700000e+02   3.9146545e+00   1.7565610e-02
   6.0600000e+02   3.9169400e+00   1.7686674e-02
   6.0500000e+02   3.9192507e+00   1.7814855e-02
   6.0400000e+02   3.9215813e+00   1.7948968e-02
   6.0300000e+02   3.9239266e+00   1.8087826e-02
   6.0200000e+02   3.9262817e+00   1.8230242e-02
   6.0100000e+02   3.9286412e+00   1.8375029e-02
   6.0000000e+02   3.9310000e+00   1.8521000e-02
   5.9900000e+02   3.9333536e+00   1.8667260e-02
   5.9800000e+02   3.9356997e+00   1.8814078e-02
   5.9700000e+02   3.9380367e+00   1.8962015e-02
   5.9600000e+02   3.9403629e+00   1.9111631e-02
   5.9500000e+02   3.9426766e+00   1.9263488e-02
   5.9400000e+02   3.9449762e+00   1.9418145e-02
   5.9300000e+02   3.9472600e+00   1.9576165e-02
   5.9200000e+02   3.9495263e+00   1.9738106e-02
   5.9100000e+02   3.9517736e+00   1.9904531e-02
   5.9000000e+02   3.9540000e+00   2.0076000e-02
   5.8900000e+02   3.9562062e+00   2.0252778e-02
   5.8800000e+02   3.9584019e+00   2.0433948e-02
   5.8700000e+02   3.9605986e+00   2.0618299e-02
   5.8600000e+02   3.9628084e+00   2.0804618e-02
   5.8500000e+02   3.9650429e+00   2.0991694e-02
   5.8400000e+02   3.9673139e+00   2.1178314e-02
   5.8300000e+02   3.9696334e+00   2.1363267e-02
   5.8200000e+02   3.9720130e+00   2.1545340e-02
   5.8100000e+02   3.9744646e+00   2.1723322e-02
   5.8000000e+02   3.9770000e+00   2.1896000e-02
   5.7900000e+02   3.9796274e+00   2.2062844e-02
   5.7800000e+02   3.9823409e+00   2.2226050e-02
   5.7700000e+02   3.9851308e+00   2.2388495e-02
   5.7600000e+02   3.9879877e+00   2.2553057e-02
   5.7500000e+02   3.9909019e+00   2.2722612e-02
   5.7400000e+02   3.9938640e+00   2.2900038e-02
   5.7300000e+02   3.9968645e+00   2.3088213e-02
   5.7200000e+02   3.9998936e+00   2.3290013e-02
   5.7100000e+02   4.0029420e+00   2.3508316e-02
   5.7000000e+02   4.0060000e+00   2.3746000e-02
   5.6900000e+02   4.0090611e+00   2.4004671e-02
   5.6800000e+02   4.0121307e+00   2.4280852e-02
   5.6700000e+02   4.0152172e+00   2.4569796e-02
   5.6600000e+02   4.0183290e+00   2.4866756e-02
   5.6500000e+02   4.0214744e+00   2.5166984e-02
   5.6400000e+02   4.0246619e+00   2.5465734e-02
   5.6300000e+02   4.0278998e+00   2.5758257e-02
   5.6200000e+02   4.0311965e+00   2.6039808e-02
   5.6100000e+02   4.0345605e+00   2.6305638e-02
   5.6000000e+02   4.0380000e+00   2.6551000e-02
   5.5900000e+02   4.0415181e+00   2.6772351e-02
   5.5800000e+02   4.0450963e+00   2.6970960e-02
   5.5700000e+02   4.0487104e+00   2.7149301e-02
   5.5600000e+02   4.0523364e+00   2.7309849e-02
   5.5500000e+02   4.0559505e+00   2.7455077e-02
   5.5400000e+02   4.0595285e+00   2.7587459e-02
   5.5300000e+02   4.0630465e+00   2.7709468e-02
   5.5200000e+02   4.0664804e+00   2.7823579e-02
   5.5100000e+02   4.0698062e+00   2.7932265e-02
   5.5000000e+02   4.0730000e+00   2.8038000e-02
   5.4900000e+02   4.0760483e+00   2.8143676e-02
   5.4800000e+02   4.0789802e+00   2.8253862e-02
   5.4700000e+02   4.0818353e+00   2.8373542e-02
   5.4600000e+02   4.0846532e+00   2.8507703e-02
   5.4500000e+02   4.0874737e+00   2.8661332e-02
   5.4400000e+02   4.0903362e+00   2.8839414e-02
   5.4300000e+02   4.0932804e+00   2.9046936e-02
   5.4200000e+02   4.0963461e+00   2.9288883e-02
   5.4100000e+02   4.0995727e+00   2.9570243e-02
   5.4000000e+02   4.1030000e+00   2.9896000e-02
   5.3900000e+02   4.1066556e+00   3.0269253e-02
   5.3800000e+02   4.1105189e+00   3.0685546e-02
   5.3700000e+02   4.1145574e+00   3.1138534e-02
   5.3600000e+02   4.1187386e+00   3.1621874e-02
   5.3500000e+02   4.1230299e+00   3.2129220e-02
   5.3400000e+02   4.1273988e+00   3.2654228e-02
   5.3300000e+02   4.1318129e+00   3.3190555e-02
   5.3200000e+02   4.1362394e+00   3.3731855e-02
   5.3100000e+02   4.1406460e+00   3.4271785e-02
   5.3000000e+02   4.1450000e+00   3.4804000e-02
   5.2900000e+02   4.1492775e+00   3.5323380e-02
   5.2800000e+02   4.1534884e+00   3.5829707e-02
   5.2700000e+02   4.1576512e+00   3.6323984e-02
   5.2600000e+02   4.1617845e+00   3.6807218e-02
   5.2500000e+02   4.1659067e+00   3.7280414e-02
   5.2400000e+02   4.1700364e+00   3.7744576e-02
   5.2300000e+02   4.1741921e+00   3.8200711e-02
   5.2200000e+02   4.1783923e+00   3.8649823e-02
   5.2100000e+02   4.1826554e+00   3.9092917e-02
   5.2000000e+02   4.1870000e+00   3.9531000e-02
   5.1900000e+02   4.1914406e+00   3.9965049e-02
   5.1800000e+02   4.1959757e+00   4.0395939e-02
   5.1700000e+02   4.2005998e+00   4.0824517e-02
   5.1600000e+02   4.2053075e+00   4.1251630e-02
   5.1500000e+02   4.2100931e+00   4.1678125e-02
   5.1400000e+02   4.2149514e+00   4.2104851e-02
   5.1300000e+02   4.2198767e+00   4.2532654e-02
   5.1200000e+02   4.2248635e+00   4.2962381e-02
   5.1100000e+02   4.2299065e+00   4.3394881e-02
   5.1000000e+02   4.2350000e+00   4.3831000e-02
   5.0900000e+02   4.2401401e+00   4.4271550e-02
   5.0800000e+02   4.2453288e+00   4.4717200e-02
   5.0700000e+02   4.2505695e+00   4.5168584e-02
   5.0600000e+02   4.2558657e+00   4.5626334e-02
   5.0500000e+02   4.2612207e+00   4.6091085e-02
   5.0400000e+02   4.2666381e+00   4.6563468e-02
   5.0300000e+02   4.2721213e+00   4.7044118e-02
   5.0200000e+02   4.2776737e+00   4.7533668e-02
   5.0100000e+02   4.2832988e+00   4.8032751e-02
   5.0000000e+02   4.2890000e+00   4.8542000e-02
   4.9900000e+02   4.2947789e+00   4.9061526e-02
   4.9800000e+02   4.3006290e+00   4.9589347e-02
   4.9700000e+02   4.3065421e+00   5.0122959e-02
   4.9600000e+02   4.3125099e+00   5.0659856e-02
   4.9500000e+02   4.3185240e+00   5.1197536e-02
   4.9400000e+02   4.3245763e+00   5.1733492e-02
   4.9300000e+02   4.3306583e+00   5.2265222e-02
   4.9200000e+02   4.3367618e+00   5.2790219e-02
   4.9100000e+02   4.3428785e+00   5.3305980e-02
   4.9000000e+02   4.3490000e+00   5.3810000e-02
   4.8900000e+02   4.3551215e+00   5.4301938e-02
   4.8800000e+02   4.3612512e+00   5.4790108e-02
   4.8700000e+02   4.3674011e+00   5.5284986e-02
   4.8600000e+02   4.3735828e+00   5.5797048e-02
   4.8500000e+02   4.3798081e+00   5.6336772e-02
   4.8400000e+02   4.3860888e+00   5.6914634e-02
   4.8300000e+02   4.3924365e+00   5.7541111e-02
   4.8200000e+02   4.3988631e+00   5.8226680e-02
   4.8100000e+02   4.4053804e+00   5.8981818e-02
   4.8000000e+02   4.4120000e+00   5.9817000e-02
   4.7900000e+02   4.4187323e+00   6.0738068e-02
   4.7800000e+02   4.4255821e+00   6.1732318e-02
   4.7700000e+02   4.4325525e+00   6.2782408e-02
   4.7600000e+02   4.4396469e+00   6.3871000e-02
   4.7500000e+02   4.4468685e+00   6.4980751e-02
   4.7400000e+02   4.4542206e+00   6.6094323e-02
   4.7300000e+02   4.4617066e+00   6.7194374e-02
   4.7200000e+02   4.4693296e+00   6.8263564e-02
   4.7100000e+02   4.4770930e+00   6.9284553e-02
   4.7000000e+02   4.4850000e+00   7.0240000e-02
   4.6900000e+02   4.4930532e+00   7.1119295e-02
   4.6800000e+02   4.5012525e+00   7.1938749e-02
   4.6700000e+02   4.5095969e+00   7.2721403e-02
   4.6600000e+02   4.5180857e+00   7.3490297e-02
   4.6500000e+02   4.5267179e+00   7.4268473e-02
   4.6400000e+02   4.5354926e+00   7.5078970e-02
   4.6300000e+02   4.5444091e+00   7.5944831e-02
   4.6200000e+02   4.5534664e+00   7.6889096e-02
   4.6100000e+02   4.5626636e+00   7.7934805e-02
   4.6000000e+02   4.5720000e+00   7.9105000e-02
   4.5900000e+02   4.5814748e+00   8.0415361e-02
   4.5800000e+02   4.5910879e+00   8.1852125e-02
   4.5700000e+02   4.6008398e+00   8.3394170e-02
   4.5600000e+02   4.6107304e+00   8.5020372e-02
   4.5500000e+02   4.6207600e+00   8.6709609e-02
   4.5400000e+02   4.6309288e+00   8.8440756e-02
   4.5300000e+02   4.6412370e+00   9.0192692e-02
   4.5200000e+02   4.6516848e+00   9.1944294e-02
   4.5100000e+02   4.6622724e+00   9.3674437e-02
   4.5000000e+02   4.6730000e+00   9.5362000e-02
   4.4900000e+02   4.6838697e+00   9.6992620e-02
   4.4800000e+02   4.6948917e+00   9.8578982e-02
   4.4700000e+02   4.7060781e+00   1.0014053e-01
   4.4600000e+02   4.7174408e+00   1.0169671e-01
   4.4500000e+02   4.7289922e+00   1.0326697e-01
   4.4400000e+02   4.7407441e+00   1.0487075e-01
   4.4300000e+02   4.7527088e+00   1.0652750e-01
   4.4200000e+02   4.7648983e+00   1.0825666e-01
   4.4100000e+02   4.7773246e+00   1.1007768e-01
   4.4000000e+02   4.7900000e+00   1.1201000e-01
   4.3900000e+02   4.8029353e+00   1.1406900e-01
   4.3800000e+02   4.8161372e+00   1.1625376e-01
   4.3700000e+02   4.8296110e+00   1.1855928e-01
   4.3600000e+02   4.8433622e+00   1.2098057e-01
   4.3500000e+02   4.8573963e+00   1.2351264e-01
   4.3400000e+02   4.8717187e+00   1.2615051e-01
   4.3300000e+02   4.8863348e+00   1.2888917e-01
   4.3200000e+02   4.9012501e+00   1.3172363e-01
   4.3100000e+02   4.9164700e+00   1.3464890e-01
   4.3000000e+02   4.9320000e+00   1.3766000e-01
   4.2900000e+02   4.9478499e+00   1.4075747e-01
   4.2800000e+02   4.9640475e+00   1.4396406e-01
   4.2700000e+02   4.9806249e+00   1.4730806e-01
   4.2600000e+02   4.9976142e+00   1.5081776e-01
   4.2500000e+02   5.0150475e+00   1.5452146e-01
   4.2400000e+02   5.0329571e+00   1.5844743e-01
   4.2300000e+02   5.0513750e+00   1.6262399e-01
   4.2200000e+02   5.0703333e+00   1.6707940e-01
   4.2100000e+02   5.0898643e+00   1.7184198e-01
   4.2000000e+02   5.1100000e+00   1.7694000e-01
   4.1900000e+02   5.1307619e+00   1.8239044e-01
   4.1800000e+02   5.1521287e+00   1.8816496e-01
   4.1700000e+02   5.1740684e+00   1.9422392e-01
   4.1600000e+02   5.1965490e+00   2.0052766e-01
   4.1500000e+02   5.2195386e+00   2.0703653e-01
   4.1400000e+02   5.2430050e+00   2.1371088e-01
   4.1300000e+02   5.2669164e+00   2.2051105e-01
   4.1200000e+02   5.2912406e+00   2.2739740e-01
   4.1100000e+02   5.3159458e+00   2.3433026e-01
   4.1000000e+02   5.3410000e+00   2.4127000e-01
   4.0900000e+02   5.3663904e+00   2.4820090e-01
   4.0800000e+02   5.3921816e+00   2.5520306e-01
   4.0700000e+02   5.4184574e+00   2.6238050e-01
   4.0600000e+02   5.4453017e+00   2.6983728e-01
   4.0500000e+02   5.4727982e+00   2.7767742e-01
   4.0400000e+02   5.5010309e+00   2.8600498e-01
   4.0300000e+02   5.5300836e+00   2.9492397e-01
   4.0200000e+02   5.5600401e+00   3.0453845e-01
   4.0100000e+02   5.5909843e+00   3.1495245e-01
   4.0000000e+02   5.6230000e+00   3.2627000e-01
   3.9900000e+02   5.6561755e+00   3.3858620e-01
   3.9800000e+02   5.6906170e+00   3.5196034e-01
   3.9700000e+02   5.7264350e+00   3.6644275e-01
   3.9600000e+02   5.7637404e+00   3.8208378e-01
   3.9500000e+02   5.8026436e+00   3.9893377e-01
   3.9400000e+02   5.8432553e+00   4.1704306e-01
   3.9300000e+02   5.8856861e+00   4.3646198e-01
   3.9200000e+02   5.9300468e+00   4.5724089e-01
   3.9100000e+02   5.9764479e+00   4.7943011e-01
   3.9000000e+02   6.0250000e+00   5.0308000e-01
   3.8900000e+02   6.0757476e+00   5.2839389e-01
   3.8800000e+02   6.1284706e+00   5.5618711e-01
   3.8700000e+02   6.1828825e+00   5.8742802e-01
   3.8600000e+02   6.2386969e+00   6.2308495e-01
   3.8500000e+02   6.2956276e+00   6.6412624e-01
   3.8400000e+02   6.3533880e+00   7.1152023e-01
   3.8300000e+02   6.4116918e+00   7.6623526e-01
   3.8200000e+02   6.4702527e+00   8.2923967e-01
   3.8100000e+02   6.5287842e+00   9.0150181e-01
   3.8000000e+02   6.5870000e+00   9.8399000e-01
   3.7900000e+02   6.6443449e+00   1.0772286e+00
   3.7800000e+02   6.6991886e+00   1.1799656e+00
   3.7700000e+02   6.7496320e+00   1.2905053e+00
   3.7600000e+02   6.7937759e+00   1.4071516e+00
   3.7500000e+02   6.8297212e+00   1.5282088e+00
   3.7400000e+02   6.8555689e+00   1.6519808e+00
   3.7300000e+02   6.8694197e+00   1.7767719e+00
   3.7200000e+02   6.8693745e+00   1.9008860e+00
   3.7100000e+02   6.8535344e+00   2.0226274e+00
   3.7000000e+02   6.8200000e+00   2.1403000e+00
   3.6900000e+02   6.7676927e+00   2.2524014e+00
   3.6800000e+02   6.6988149e+00   2.3582024e+00
   3.6700000e+02   6.6163895e+00   2.4571671e+00
   3.6600000e+02   6.5234395e+00   2.5487599e+00
   3.6500000e+02   6.4229875e+00   2.6324449e+00
   3.6400000e+02   6.3180566e+00   2.7076863e+00
   3.6300000e+02   6.2116695e+00   2.7739483e+00
   3.6200000e+02   6.1068491e+00   2.8306951e+00
   3.6100000e+02   6.0066184e+00   2.8773910e+00
   3.6000000e+02   5.9140000e+00   2.9135000e+00
   3.5900000e+02   5.8313684e+00   2.9388198e+00
   3.5800000e+02   5.7585038e+00   2.9544814e+00
   3.5700000e+02   5.6945378e+00   2.9619491e+00
   3.5600000e+02   5.6386022e+00   2.9626873e+00
   3.5500000e+02   5.5898286e+00   2.9581603e+00
   3.5400000e+02   5.5473488e+00   2.9498325e+00
   3.5300000e+02   5.5102943e+00   2.9391682e+00
   3.5200000e+02   5.4777969e+00   2.9276318e+00
   3.5100000e+02   5.4489882e+00   2.9166876e+00
   3.5000000e+02   5.4230000e+00   2.9078000e+00
   3.4900000e+02   5.3990817e+00   2.9021364e+00
   3.4800000e+02   5.3769539e+00   2.8996767e+00
   3.4700000e+02   5.3564551e+00   2.9001040e+00
   3.4600000e+02   5.3374236e+00   2.9031012e+00
   3.4500000e+02   5.3196979e+00   2.9083512e+00
   3.4400000e+02   5.3031164e+00   2.9155372e+00
   3.4300000e+02   5.2875174e+00   2.9243421e+00
   3.4200000e+02   5.2727394e+00   2.9344488e+00
   3.4100000e+02   5.2586208e+00   2.9455405e+00
   3.4000000e+02   5.2450000e+00   2.9573000e+00
   3.3900000e+02   5.2317498e+00   2.9694620e+00
   3.3800000e+02   5.2188805e+00   2.9819676e+00
   3.3700000e+02   5.2064367e+00   2.9948094e+00
   3.3600000e+02   5.1944632e+00   3.0079800e+00
   3.3500000e+02   5.1830047e+00   3.0214723e+00
   3.3400000e+02   5.1721057e+00   3.0352787e+00
   3.3300000e+02   5.1618111e+00   3.0493920e+00
   3.3200000e+02   5.1521655e+00   3.0638049e+00
   3.3100000e+02   5.1432136e+00   3.0785100e+00
   3.3000000e+02   5.1350000e+00   3.0935000e+00
   3.2900000e+02   5.1275512e+00   3.1087925e+00
   3.2800000e+02   5.1208202e+00   3.1245049e+00
   3.2700000e+02   5.1147421e+00   3.1407795e+00
   3.2600000e+02   5.1092515e+00   3.1577587e+00
   3.2500000e+02   5.1042835e+00   3.1755847e+00
   3.2400000e+02   5.0997727e+00   3.1944000e+00
   3.2300000e+02   5.0956541e+00   3.2143469e+00
   3.2200000e+02   5.0918626e+00   3.2355676e+00
   3.2100000e+02   5.0883329e+00   3.2582045e+00
   3.2000000e+02   5.0850000e+00   3.2824000e+00
   3.1900000e+02   5.0818415e+00   3.3082789e+00
   3.1800000e+02   5.0790066e+00   3.3358960e+00
   3.1700000e+02   5.0766870e+00   3.3652889e+00
   3.1600000e+02   5.0750747e+00   3.3964948e+00
   3.1500000e+02   5.0743615e+00   3.4295513e+00
   3.1400000e+02   5.0747395e+00   3.4644956e+00
   3.1300000e+02   5.0764004e+00   3.5013652e+00
   3.1200000e+02   5.0795362e+00   3.5401976e+00
   3.1100000e+02   5.0843388e+00   3.5810300e+00
   3.1000000e+02   5.0910000e+00   3.6239000e+00
   3.0900000e+02   5.0994587e+00   3.6689620e+00
   3.0800000e+02   5.1086416e+00   3.7168390e+00
   3.0700000e+02   5.1172221e+00   3.7682710e+00
   3.0600000e+02   5.1238738e+00   3.8239980e+00
   3.0500000e+02   5.1272704e+00   3.8847602e+00
   3.0400000e+02   5.1260853e+00   3.9512976e+00
   3.0300000e+02   5.1189922e+00   4.0243502e+00
   3.0200000e+02   5.1046645e+00   4.1046581e+00
   3.0100000e+02   5.0817760e+00   4.1929614e+00
   3.0000000e+02   5.0490000e+00   4.2900000e+00
   2.9900000e+02   5.0053096e+00   4.3959228e+00
   2.9800000e+02   4.9508752e+00   4.5085137e+00
   2.9700000e+02   4.8861668e+00   4.6249652e+00
   2.9600000e+02   4.8116541e+00   4.7424698e+00
   2.9500000e+02   4.7278069e+00   4.8582203e+00
   2.9400000e+02   4.6350952e+00   4.9694091e+00
   2.9300000e+02   4.5339888e+00   5.0732289e+00
   2.9200000e+02   4.4249576e+00   5.1668723e+00
   2.9100000e+02   4.3084714e+00   5.2475318e+00
   2.9000000e+02   4.1850000e+00   5.3124000e+00
   2.8900000e+02   4.0551839e+00   5.3593907e+00
   2.8800000e+02   3.9203455e+00   5.3893023e+00
   2.8700000e+02   3.7819778e+00   5.4036544e+00
   2.8600000e+02   3.6415740e+00   5.4039667e+00
   2.8500000e+02   3.5006269e+00   5.3917586e+00
   2.8400000e+02   3.3606297e+00   5.3685499e+00
   2.8300000e+02   3.2230754e+00   5.3358600e+00
   2.8200000e+02   3.0894570e+00   5.2952087e+00
   2.8100000e+02   2.9612675e+00   5.2481155e+00
   2.8000000e+02   2.8400000e+00   5.1961000e+00
   2.7900000e+02   2.7268410e+00   5.1405381e+00
   2.7800000e+02   2.6217509e+00   5.0822307e+00
   2.7700000e+02   2.5243840e+00   5.0218350e+00
   2.7600000e+02   2.4343941e+00   4.9600083e+00
   2.7500000e+02   2.3514354e+00   4.8974078e+00
   2.7400000e+02   2.2751618e+00   4.8346906e+00
   2.7300000e+02   2.2052275e+00   4.7725141e+00
   2.7200000e+02   2.1412863e+00   4.7115353e+00
   2.7100000e+02   2.0829925e+00   4.6524115e+00
   2.7000000e+02   2.0300000e+00   4.5958000e+00
   2.6900000e+02   1.9819843e+00   4.5420387e+00
   2.6800000e+02   1.9387068e+00   4.4901885e+00
   2.6700000e+02   1.8999503e+00   4.4389913e+00
   2.6600000e+02   1.8654976e+00   4.3871888e+00
   2.6500000e+02   1.8351316e+00   4.3335227e+00
   2.6400000e+02   1.8086350e+00   4.2767348e+00
   2.6300000e+02   1.7857908e+00   4.2155669e+00
   2.6200000e+02   1.7663816e+00   4.1487606e+00
   2.6100000e+02   1.7501904e+00   4.0750577e+00
   2.6000000e+02   1.7370000e+00   3.9932000e+00
   2.5900000e+02   1.7265679e+00   3.9024172e+00
   2.5800000e+02   1.7185503e+00   3.8038907e+00
   2.5700000e+02   1.7125784e+00   3.6992900e+00
   2.5600000e+02   1.7082831e+00   3.5902845e+00
   2.5500000e+02   1.7052954e+00   3.4785437e+00
   2.5400000e+02   1.7032464e+00   3.3657370e+00
   2.5300000e+02   1.7017670e+00   3.2535337e+00
   2.5200000e+02   1.7004883e+00   3.1436034e+00
   2.5100000e+02   1.6990412e+00   3.0376154e+00
   2.5000000e+02   1.6970568e+00   2.9372392e+00
   2.4900000e+02   1.6941660e+00   2.8441443e+00
   2.4800000e+02   1.6900000e+00   2.7600000e+00
   2.4700000e+02   1.6842677e+00   2.6860958e+00
   2.4600000e+02   1.6769906e+00   2.6222014e+00
   2.4500000e+02   1.6682679e+00   2.5677064e+00
   2.4400000e+02   1.6581993e+00   2.5220004e+00
   2.4300000e+02   1.6468839e+00   2.4844731e+00
   2.4200000e+02   1.6344214e+00   2.4545142e+00
   2.4100000e+02   1.6209111e+00   2.4315133e+00
   2.4000000e+02   1.6064524e+00   2.4148602e+00
   2.3900000e+02   1.5911447e+00   2.4039443e+00
   2.3800000e+02   1.5750875e+00   2.3981555e+00
   2.3700000e+02   1.5583801e+00   2.3968833e+00
   2.3600000e+02   1.5411221e+00   2.3995175e+00
   2.3500000e+02   1.5234127e+00   2.4054476e+00
   2.3400000e+02   1.5053515e+00   2.4140634e+00
   2.3300000e+02   1.4870378e+00   2.4247544e+00
   2.3200000e+02   1.4685710e+00   2.4369105e+00
   2.3100000e+02   1.4500507e+00   2.4499211e+00
   2.3000000e+02   1.4315761e+00   2.4631760e+00
   2.2900000e+02   1.4132468e+00   2.4760648e+00
   2.2800000e+02   1.3951620e+00   2.4879772e+00
   2.2700000e+02   1.3774213e+00   2.4983028e+00
   2.2600000e+02   1.3601241e+00   2.5064314e+00
   2.2500000e+02   1.3433684e+00   2.5117613e+00
   2.2400000e+02   1.3271988e+00   2.5140325e+00
   2.2300000e+02   1.3115906e+00   2.5134287e+00
   2.2200000e+02   1.2965144e+00   2.5101633e+00
   2.2100000e+02   1.2819409e+00   2.5044494e+00
   2.2000000e+02   1.2678405e+00   2.4965006e+00
   2.1900000e+02   1.2541840e+00   2.4865300e+00
   2.1800000e+02   1.2409420e+00   2.4747511e+00
   2.1700000e+02   1.2280851e+00   2.4613771e+00
   2.1600000e+02   1.2155838e+00   2.4466213e+00
   2.1500000e+02   1.2034089e+00   2.4306971e+00
   2.1400000e+02   1.1915308e+00   2.4138177e+00
   2.1300000e+02   1.1799203e+00   2.3961966e+00
   2.1200000e+02   1.1685480e+00   2.3780471e+00
   2.1100000e+02   1.1573844e+00   2.3595823e+00
   2.1000000e+02   1.1464002e+00   2.3410158e+00
   2.0900000e+02   1.1355660e+00   2.3225607e+00
   2.0800000e+02   1.1248524e+00   2.3044305e+00
   2.0700000e+02   1.1142300e+00   2.2868384e+00
   2.0600000e+02   1.1036706e+00   2.2699876e+00
   2.0500000e+02   1.0931641e+00   2.2539288e+00
   2.0400000e+02   1.0827139e+00   2.2385958e+00
   2.0300000e+02   1.0723241e+00   2.2239190e+00
   2.0200000e+02   1.0619985e+00   2.2098290e+00
   2.0100000e+02   1.0517412e+00   2.1962565e+00
   2.0000000e+02   1.0415560e+00   2.1831318e+00
