   1.1000000e+03   1.4585944e+00   9.4589251e-04
   1.0990000e+03   1.4585988e+00   9.4677397e-04
   1.0980000e+03   1.4586033e+00   9.4763580e-04
   1.0970000e+03   1.4586079e+00   9.4847938e-04
   1.0960000e+03   1.4586124e+00   9.4930853e-04
   1.0950000e+03   1.4586170e+00   9.5012705e-04
   1.0940000e+03   1.4586216e+00   9.5093875e-04
   1.0930000e+03   1.4586262e+00   9.5174745e-04
   1.0920000e+03   1.4586308e+00   9.5255696e-04
   1.0910000e+03   1.4586355e+00   9.5337110e-04
   1.0900000e+03   1.4586401e+00   9.5419367e-04
   1.0890000e+03   1.4586447e+00   9.5502849e-04
   1.0880000e+03   1.4586494e+00   9.5587938e-04
   1.0870000e+03   1.4586540e+00   9.5674949e-04
   1.0860000e+03   1.4586586e+00   9.5763804e-04
   1.0850000e+03   1.4586632e+00   9.5854272e-04
   1.0840000e+03   1.4586678e+00   9.5946125e-04
   1.0830000e+03   1.4586724e+00   9.6039131e-04
   1.0820000e+03   1.4586770e+00   9.6133062e-04
   1.0810000e+03   1.4586816e+00   9.6227688e-04
   1.0800000e+03   1.4586863e+00   9.6322779e-04
   1.0790000e+03   1.4586910e+00   9.6418105e-04
   1.0780000e+03   1.4586957e+00   9.6513437e-04
   1.0770000e+03   1.4587004e+00   9.6608545e-04
   1.0760000e+03   1.4587052e+00   9.6703261e-04
   1.0750000e+03   1.4587100e+00   9.6797611e-04
   1.0740000e+03   1.4587149e+00   9.6891655e-04
   1.0730000e+03   1.4587197e+00   9.6985455e-04
   1.0720000e+03   1.4587246e+00   9.7079073e-04
   1.0710000e+03   1.4587295e+00   9.7172568e-04
   1.0700000e+03   1.4587345e+00   9.7266004e-04
   1.0690000e+03   1.4587394e+00   9.7359439e-04
   1.0680000e+03   1.4587443e+00   9.7452937e-04
   1.0670000e+03   1.4587492e+00   9.7546558e-04
   1.0660000e+03   1.4587541e+00   9.7640362e-04
   1.0650000e+03   1.4587590e+00   9.7734376e-04
   1.0640000e+03   1.4587639e+00   9.7828588e-04
   1.0630000e+03   1.4587688e+00   9.7922983e-04
   1.0620000e+03   1.4587736e+00   9.8017546e-04
   1.0610000e+03   1.4587785e+00   9.8112262e-04
   1.0600000e+03   1.4587835e+00   9.8207116e-04
   1.0590000e+03   1.4587884e+00   9.8302093e-04
   1.0580000e+03   1.4587933e+00   9.8397177e-04
   1.0570000e+03   1.4587983e+00   9.8492356e-04
   1.0560000e+03   1.4588033e+00   9.8587612e-04
   1.0550000e+03   1.4588084e+00   9.8682933e-04
   1.0540000e+03   1.4588135e+00   9.8778320e-04
   1.0530000e+03   1.4588186e+00   9.8873775e-04
   1.0520000e+03   1.4588238e+00   9.8969304e-04
   1.0510000e+03   1.4588290e+00   9.9064909e-04
   1.0500000e+03   1.4588342e+00   9.9160597e-04
   1.0490000e+03   1.4588394e+00   9.9256369e-04
   1.0480000e+03   1.4588446e+00   9.9352232e-04
   1.0470000e+03   1.4588498e+00   9.9448188e-04
   1.0460000e+03   1.4588550e+00   9.9544242e-04
   1.0450000e+03   1.4588602e+00   9.9640398e-04
   1.0440000e+03   1.4588654e+00   9.9736656e-04
   1.0430000e+03   1.4588706e+00   9.9833012e-04
   1.0420000e+03   1.4588757e+00   9.9929461e-04
   1.0410000e+03   1.4588809e+00   1.0002600e-03
   1.0400000e+03   1.4588861e+00   1.0012262e-03
   1.0390000e+03   1.4588913e+00   1.0021931e-03
   1.0380000e+03   1.4588965e+00   1.0031608e-03
   1.0370000e+03   1.4589018e+00   1.0041292e-03
   1.0360000e+03   1.4589071e+00   1.0050983e-03
   1.0350000e+03   1.4589124e+00   1.0060679e-03
   1.0340000e+03   1.4589177e+00   1.0070381e-03
   1.0330000e+03   1.4589231e+00   1.0080090e-03
   1.0320000e+03   1.4589285e+00   1.0089808e-03
   1.0310000e+03   1.4589339e+00   1.0099537e-03
   1.0300000e+03   1.4589394e+00   1.0109278e-03
   1.0290000e+03   1.4589449e+00   1.0119034e-03
   1.0280000e+03   1.4589504e+00   1.0128805e-03
   1.0270000e+03   1.4589559e+00   1.0138593e-03
   1.0260000e+03   1.4589614e+00   1.0148400e-03
   1.0250000e+03   1.4589670e+00   1.0158229e-03
   1.0240000e+03   1.4589726e+00   1.0168079e-03
   1.0230000e+03   1.4589781e+00   1.0177947e-03
   1.0220000e+03   1.4589837e+00   1.0187828e-03
   1.0210000e+03   1.4589893e+00   1.0197715e-03
   1.0200000e+03   1.4589950e+00   1.0207604e-03
   1.0190000e+03   1.4590006e+00   1.0217488e-03
   1.0180000e+03   1.4590062e+00   1.0227362e-03
   1.0170000e+03   1.4590119e+00   1.0237221e-03
   1.0160000e+03   1.4590175e+00   1.0247058e-03
   1.0150000e+03   1.4590232e+00   1.0256868e-03
   1.0140000e+03   1.4590289e+00   1.0266646e-03
   1.0130000e+03   1.4590345e+00   1.0276404e-03
   1.0120000e+03   1.4590402e+00   1.0286161e-03
   1.0110000e+03   1.4590460e+00   1.0295937e-03
   1.0100000e+03   1.4590517e+00   1.0305754e-03
   1.0090000e+03   1.4590575e+00   1.0315630e-03
   1.0080000e+03   1.4590633e+00   1.0325587e-03
   1.0070000e+03   1.4590691e+00   1.0335645e-03
   1.0060000e+03   1.4590749e+00   1.0345823e-03
   1.0050000e+03   1.4590808e+00   1.0356142e-03
   1.0040000e+03   1.4590867e+00   1.0366621e-03
   1.0030000e+03   1.4590927e+00   1.0377259e-03
   1.0020000e+03   1.4590987e+00   1.0388043e-03
   1.0010000e+03   1.4591047e+00   1.0398958e-03
   1.0000000e+03   1.4591107e+00   1.0409989e-03
   9.9900000e+02   1.4591168e+00   1.0421122e-03
   9.9800000e+02   1.4591229e+00   1.0432344e-03
   9.9700000e+02   1.4591289e+00   1.0443638e-03
   9.9600000e+02   1.4591350e+00   1.0454992e-03
   9.9500000e+02   1.4591411e+00   1.0466391e-03
   9.9400000e+02   1.4591471e+00   1.0477820e-03
   9.9300000e+02   1.4591532e+00   1.0489258e-03
   9.9200000e+02   1.4591592e+00   1.0500682e-03
   9.9100000e+02   1.4591653e+00   1.0512069e-03
   9.9000000e+02   1.4591714e+00   1.0523395e-03
   9.8900000e+02   1.4591774e+00   1.0534636e-03
   9.8800000e+02   1.4591835e+00   1.0545768e-03
   9.8700000e+02   1.4591897e+00   1.0556769e-03
   9.8600000e+02   1.4591958e+00   1.0567614e-03
   9.8500000e+02   1.4592020e+00   1.0578280e-03
   9.8400000e+02   1.4592082e+00   1.0588750e-03
   9.8300000e+02   1.4592145e+00   1.0599052e-03
   9.8200000e+02   1.4592208e+00   1.0609232e-03
   9.8100000e+02   1.4592271e+00   1.0619335e-03
   9.8000000e+02   1.4592334e+00   1.0629409e-03
   9.7900000e+02   1.4592398e+00   1.0639498e-03
   9.7800000e+02   1.4592462e+00   1.0649649e-03
   9.7700000e+02   1.4592527e+00   1.0659908e-03
   9.7600000e+02   1.4592591e+00   1.0670320e-03
   9.7500000e+02   1.4592656e+00   1.0680932e-03
   9.7400000e+02   1.4592720e+00   1.0691774e-03
   9.7300000e+02   1.4592785e+00   1.0702824e-03
   9.7200000e+02   1.4592850e+00   1.0714051e-03
   9.7100000e+02   1.4592915e+00   1.0725425e-03
   9.7000000e+02   1.4592980e+00   1.0736916e-03
   9.6900000e+02   1.4593046e+00   1.0748491e-03
   9.6800000e+02   1.4593111e+00   1.0760121e-03
   9.6700000e+02   1.4593177e+00   1.0771775e-03
   9.6600000e+02   1.4593243e+00   1.0783422e-03
   9.6500000e+02   1.4593309e+00   1.0795032e-03
   9.6400000e+02   1.4593375e+00   1.0806593e-03
   9.6300000e+02   1.4593441e+00   1.0818115e-03
   9.6200000e+02   1.4593507e+00   1.0829607e-03
   9.6100000e+02   1.4593574e+00   1.0841082e-03
   9.6000000e+02   1.4593641e+00   1.0852549e-03
   9.5900000e+02   1.4593708e+00   1.0864021e-03
   9.5800000e+02   1.4593776e+00   1.0875507e-03
   9.5700000e+02   1.4593843e+00   1.0887018e-03
   9.5600000e+02   1.4593912e+00   1.0898565e-03
   9.5500000e+02   1.4593980e+00   1.0910157e-03
   9.5400000e+02   1.4594049e+00   1.0921786e-03
   9.5300000e+02   1.4594118e+00   1.0933442e-03
   9.5200000e+02   1.4594187e+00   1.0945111e-03
   9.5100000e+02   1.4594257e+00   1.0956782e-03
   9.5000000e+02   1.4594327e+00   1.0968442e-03
   9.4900000e+02   1.4594397e+00   1.0980080e-03
   9.4800000e+02   1.4594468e+00   1.0991684e-03
   9.4700000e+02   1.4594538e+00   1.1003242e-03
   9.4600000e+02   1.4594609e+00   1.1014742e-03
   9.4500000e+02   1.4594680e+00   1.1026194e-03
   9.4400000e+02   1.4594751e+00   1.1037633e-03
   9.4300000e+02   1.4594823e+00   1.1049099e-03
   9.4200000e+02   1.4594894e+00   1.1060627e-03
   9.4100000e+02   1.4594965e+00   1.1072257e-03
   9.4000000e+02   1.4595037e+00   1.1084025e-03
   9.3900000e+02   1.4595109e+00   1.1095970e-03
   9.3800000e+02   1.4595181e+00   1.1108129e-03
   9.3700000e+02   1.4595253e+00   1.1120539e-03
   9.3600000e+02   1.4595325e+00   1.1133220e-03
   9.3500000e+02   1.4595398e+00   1.1146121e-03
   9.3400000e+02   1.4595471e+00   1.1159176e-03
   9.3300000e+02   1.4595543e+00   1.1172320e-03
   9.3200000e+02   1.4595617e+00   1.1185488e-03
   9.3100000e+02   1.4595690e+00   1.1198615e-03
   9.3000000e+02   1.4595764e+00   1.1211634e-03
   9.2900000e+02   1.4595838e+00   1.1224481e-03
   9.2800000e+02   1.4595913e+00   1.1237091e-03
   9.2700000e+02   1.4595987e+00   1.1249408e-03
   9.2600000e+02   1.4596063e+00   1.1261463e-03
   9.2500000e+02   1.4596138e+00   1.1273332e-03
   9.2400000e+02   1.4596214e+00   1.1285087e-03
   9.2300000e+02   1.4596291e+00   1.1296802e-03
   9.2200000e+02   1.4596367e+00   1.1308552e-03
   9.2100000e+02   1.4596444e+00   1.1320412e-03
   9.2000000e+02   1.4596521e+00   1.1332454e-03
   9.1900000e+02   1.4596598e+00   1.1344753e-03
   9.1800000e+02   1.4596675e+00   1.1357378e-03
   9.1700000e+02   1.4596752e+00   1.1370319e-03
   9.1600000e+02   1.4596829e+00   1.1383502e-03
   9.1500000e+02   1.4596907e+00   1.1396851e-03
   9.1400000e+02   1.4596985e+00   1.1410289e-03
   9.1300000e+02   1.4597063e+00   1.1423742e-03
   9.1200000e+02   1.4597141e+00   1.1437131e-03
   9.1100000e+02   1.4597220e+00   1.1450383e-03
   9.1000000e+02   1.4597299e+00   1.1463420e-03
   9.0900000e+02   1.4597379e+00   1.1476169e-03
   9.0800000e+02   1.4597459e+00   1.1488627e-03
   9.0700000e+02   1.4597539e+00   1.1500860e-03
   9.0600000e+02   1.4597620e+00   1.1512939e-03
   9.0500000e+02   1.4597701e+00   1.1524936e-03
   9.0400000e+02   1.4597782e+00   1.1536919e-03
   9.0300000e+02   1.4597864e+00   1.1548961e-03
   9.0200000e+02   1.4597946e+00   1.1561132e-03
   9.0100000e+02   1.4598028e+00   1.1573503e-03
   9.0000000e+02   1.4598110e+00   1.1586142e-03
   8.9900000e+02   1.4598192e+00   1.1599064e-03
   8.9800000e+02   1.4598274e+00   1.1612233e-03
   8.9700000e+02   1.4598357e+00   1.1625605e-03
   8.9600000e+02   1.4598439e+00   1.1639140e-03
   8.9500000e+02   1.4598522e+00   1.1652796e-03
   8.9400000e+02   1.4598606e+00   1.1666531e-03
   8.9300000e+02   1.4598689e+00   1.1680305e-03
   8.9200000e+02   1.4598774e+00   1.1694076e-03
   8.9100000e+02   1.4598858e+00   1.1707804e-03
   8.9000000e+02   1.4598943e+00   1.1721476e-03
   8.8900000e+02   1.4599029e+00   1.1735103e-03
   8.8800000e+02   1.4599114e+00   1.1748695e-03
   8.8700000e+02   1.4599201e+00   1.1762261e-03
   8.8600000e+02   1.4599287e+00   1.1775814e-03
   8.8500000e+02   1.4599374e+00   1.1789363e-03
   8.8400000e+02   1.4599460e+00   1.1802920e-03
   8.8300000e+02   1.4599548e+00   1.1816494e-03
   8.8200000e+02   1.4599635e+00   1.1830095e-03
   8.8100000e+02   1.4599722e+00   1.1843728e-03
   8.8000000e+02   1.4599810e+00   1.1857391e-03
   8.7900000e+02   1.4599897e+00   1.1871087e-03
   8.7800000e+02   1.4599985e+00   1.1884813e-03
   8.7700000e+02   1.4600073e+00   1.1898572e-03
   8.7600000e+02   1.4600162e+00   1.1912363e-03
   8.7500000e+02   1.4600251e+00   1.1926186e-03
   8.7400000e+02   1.4600340e+00   1.1940042e-03
   8.7300000e+02   1.4600430e+00   1.1953928e-03
   8.7200000e+02   1.4600520e+00   1.1967835e-03
   8.7100000e+02   1.4600611e+00   1.1981752e-03
   8.7000000e+02   1.4600702e+00   1.1995666e-03
   8.6900000e+02   1.4600793e+00   1.2009567e-03
   8.6800000e+02   1.4600885e+00   1.2023442e-03
   8.6700000e+02   1.4600977e+00   1.2037280e-03
   8.6600000e+02   1.4601070e+00   1.2051069e-03
   8.6500000e+02   1.4601163e+00   1.2064798e-03
   8.6400000e+02   1.4601256e+00   1.2078478e-03
   8.6300000e+02   1.4601350e+00   1.2092155e-03
   8.6200000e+02   1.4601444e+00   1.2105874e-03
   8.6100000e+02   1.4601539e+00   1.2119685e-03
   8.6000000e+02   1.4601634e+00   1.2133633e-03
   8.5900000e+02   1.4601729e+00   1.2147767e-03
   8.5800000e+02   1.4601824e+00   1.2162133e-03
   8.5700000e+02   1.4601919e+00   1.2176780e-03
   8.5600000e+02   1.4602015e+00   1.2191744e-03
   8.5500000e+02   1.4602111e+00   1.2206981e-03
   8.5400000e+02   1.4602207e+00   1.2222410e-03
   8.5300000e+02   1.4602303e+00   1.2237950e-03
   8.5200000e+02   1.4602399e+00   1.2253517e-03
   8.5100000e+02   1.4602496e+00   1.2269032e-03
   8.5000000e+02   1.4602594e+00   1.2284411e-03
   8.4900000e+02   1.4602691e+00   1.2299574e-03
   8.4800000e+02   1.4602790e+00   1.2314439e-03
   8.4700000e+02   1.4602888e+00   1.2328982e-03
   8.4600000e+02   1.4602988e+00   1.2343279e-03
   8.4500000e+02   1.4603087e+00   1.2357413e-03
   8.4400000e+02   1.4603188e+00   1.2371467e-03
   8.4300000e+02   1.4603288e+00   1.2385527e-03
   8.4200000e+02   1.4603389e+00   1.2399674e-03
   8.4100000e+02   1.4603489e+00   1.2413994e-03
   8.4000000e+02   1.4603590e+00   1.2428569e-03
   8.3900000e+02   1.4603691e+00   1.2443468e-03
   8.3800000e+02   1.4603792e+00   1.2458670e-03
   8.3700000e+02   1.4603894e+00   1.2474124e-03
   8.3600000e+02   1.4603995e+00   1.2489781e-03
   8.3500000e+02   1.4604097e+00   1.2505590e-03
   8.3400000e+02   1.4604200e+00   1.2521502e-03
   8.3300000e+02   1.4604303e+00   1.2537466e-03
   8.3200000e+02   1.4604407e+00   1.2553433e-03
   8.3100000e+02   1.4604512e+00   1.2569354e-03
   8.3000000e+02   1.4604617e+00   1.2585215e-03
   8.2900000e+02   1.4604723e+00   1.2601028e-03
   8.2800000e+02   1.4604830e+00   1.2616806e-03
   8.2700000e+02   1.4604937e+00   1.2632562e-03
   8.2600000e+02   1.4605044e+00   1.2648307e-03
   8.2500000e+02   1.4605152e+00   1.2664055e-03
   8.2400000e+02   1.4605260e+00   1.2679818e-03
   8.2300000e+02   1.4605368e+00   1.2695610e-03
   8.2200000e+02   1.4605477e+00   1.2711438e-03
   8.2100000e+02   1.4605585e+00   1.2727302e-03
   8.2000000e+02   1.4605694e+00   1.2743204e-03
   8.1900000e+02   1.4605803e+00   1.2759143e-03
   8.1800000e+02   1.4605912e+00   1.2775121e-03
   8.1700000e+02   1.4606022e+00   1.2791137e-03
   8.1600000e+02   1.4606132e+00   1.2807192e-03
   8.1500000e+02   1.4606243e+00   1.2823286e-03
   8.1400000e+02   1.4606354e+00   1.2839416e-03
   8.1300000e+02   1.4606465e+00   1.2855568e-03
   8.1200000e+02   1.4606577e+00   1.2871727e-03
   8.1100000e+02   1.4606690e+00   1.2887879e-03
   8.1000000e+02   1.4606803e+00   1.2904009e-03
   8.0900000e+02   1.4606917e+00   1.2920103e-03
   8.0800000e+02   1.4607031e+00   1.2936145e-03
   8.0700000e+02   1.4607145e+00   1.2952121e-03
   8.0600000e+02   1.4607260e+00   1.2968034e-03
   8.0500000e+02   1.4607376e+00   1.2983936e-03
   8.0400000e+02   1.4607492e+00   1.2999886e-03
   8.0300000e+02   1.4607608e+00   1.3015945e-03
   8.0200000e+02   1.4607725e+00   1.3032171e-03
   8.0100000e+02   1.4607842e+00   1.3048624e-03
   8.0000000e+02   1.4607959e+00   1.3065364e-03
   7.9900000e+02   1.4608077e+00   1.3082449e-03
   7.9800000e+02   1.4608194e+00   1.3099901e-03
   7.9700000e+02   1.4608312e+00   1.3117629e-03
   7.9600000e+02   1.4608430e+00   1.3135529e-03
   7.9500000e+02   1.4608548e+00   1.3153497e-03
   7.9400000e+02   1.4608667e+00   1.3171426e-03
   7.9300000e+02   1.4608787e+00   1.3189212e-03
   7.9200000e+02   1.4608907e+00   1.3206749e-03
   7.9100000e+02   1.4609028e+00   1.3223933e-03
   7.9000000e+02   1.4609150e+00   1.3240727e-03
   7.8900000e+02   1.4609272e+00   1.3257234e-03
   7.8800000e+02   1.4609395e+00   1.3273573e-03
   7.8700000e+02   1.4609519e+00   1.3289864e-03
   7.8600000e+02   1.4609644e+00   1.3306227e-03
   7.8500000e+02   1.4609769e+00   1.3322781e-03
   7.8400000e+02   1.4609894e+00   1.3339647e-03
   7.8300000e+02   1.4610020e+00   1.3356941e-03
   7.8200000e+02   1.4610146e+00   1.3374679e-03
   7.8100000e+02   1.4610273e+00   1.3392747e-03
   7.8000000e+02   1.4610400e+00   1.3411021e-03
   7.7900000e+02   1.4610528e+00   1.3429377e-03
   7.7800000e+02   1.4610656e+00   1.3447692e-03
   7.7700000e+02   1.4610785e+00   1.3465841e-03
   7.7600000e+02   1.4610914e+00   1.3483700e-03
   7.7500000e+02   1.4611043e+00   1.3501157e-03
   7.7400000e+02   1.4611173e+00   1.3518235e-03
   7.7300000e+02   1.4611304e+00   1.3535051e-03
   7.7200000e+02   1.4611435e+00   1.3551722e-03
   7.7100000e+02   1.4611567e+00   1.3568370e-03
   7.7000000e+02   1.4611699e+00   1.3585111e-03
   7.6900000e+02   1.4611832e+00   1.3602066e-03
   7.6800000e+02   1.4611965e+00   1.3619352e-03
   7.6700000e+02   1.4612099e+00   1.3637059e-03
   7.6600000e+02   1.4612233e+00   1.3655139e-03
   7.6500000e+02   1.4612368e+00   1.3673506e-03
   7.6400000e+02   1.4612503e+00   1.3692073e-03
   7.6300000e+02   1.4612639e+00   1.3710757e-03
   7.6200000e+02   1.4612775e+00   1.3729470e-03
   7.6100000e+02   1.4612912e+00   1.3748128e-03
   7.6000000e+02   1.4613050e+00   1.3766646e-03
   7.5900000e+02   1.4613188e+00   1.3785007e-03
   7.5800000e+02   1.4613326e+00   1.3803293e-03
   7.5700000e+02   1.4613465e+00   1.3821595e-03
   7.5600000e+02   1.4613605e+00   1.3840001e-03
   7.5500000e+02   1.4613745e+00   1.3858601e-03
   7.5400000e+02   1.4613885e+00   1.3877485e-03
   7.5300000e+02   1.4614026e+00   1.3896741e-03
   7.5200000e+02   1.4614168e+00   1.3916439e-03
   7.5100000e+02   1.4614310e+00   1.3936506e-03
   7.5000000e+02   1.4614452e+00   1.3956811e-03
   7.4900000e+02   1.4614595e+00   1.3977224e-03
   7.4800000e+02   1.4614739e+00   1.3997615e-03
   7.4700000e+02   1.4614884e+00   1.4017853e-03
   7.4600000e+02   1.4615029e+00   1.4037808e-03
   7.4500000e+02   1.4615176e+00   1.4057352e-03
   7.4400000e+02   1.4615323e+00   1.4076466e-03
   7.4300000e+02   1.4615471e+00   1.4095286e-03
   7.4200000e+02   1.4615620e+00   1.4113954e-03
   7.4100000e+02   1.4615769e+00   1.4132615e-03
   7.4000000e+02   1.4615919e+00   1.4151413e-03
   7.3900000e+02   1.4616070e+00   1.4170494e-03
   7.3800000e+02   1.4616220e+00   1.4190000e-03
   7.3700000e+02   1.4616371e+00   1.4210028e-03
   7.3600000e+02   1.4616521e+00   1.4230478e-03
   7.3500000e+02   1.4616673e+00   1.4251202e-03
   7.3400000e+02   1.4616824e+00   1.4272051e-03
   7.3300000e+02   1.4616976e+00   1.4292877e-03
   7.3200000e+02   1.4617129e+00   1.4313531e-03
   7.3100000e+02   1.4617283e+00   1.4333865e-03
   7.3000000e+02   1.4617437e+00   1.4353746e-03
   7.2900000e+02   1.4617593e+00   1.4373214e-03
   7.2800000e+02   1.4617749e+00   1.4392408e-03
   7.2700000e+02   1.4617906e+00   1.4411470e-03
   7.2600000e+02   1.4618065e+00   1.4430543e-03
   7.2500000e+02   1.4618224e+00   1.4449768e-03
   7.2400000e+02   1.4618383e+00   1.4469287e-03
   7.2300000e+02   1.4618544e+00   1.4489239e-03
   7.2200000e+02   1.4618705e+00   1.4509650e-03
   7.2100000e+02   1.4618868e+00   1.4530427e-03
   7.2000000e+02   1.4619031e+00   1.4551469e-03
   7.1900000e+02   1.4619194e+00   1.4572675e-03
   7.1800000e+02   1.4619359e+00   1.4593943e-03
   7.1700000e+02   1.4619524e+00   1.4615173e-03
   7.1600000e+02   1.4619689e+00   1.4636266e-03
   7.1500000e+02   1.4619856e+00   1.4657190e-03
   7.1400000e+02   1.4620022e+00   1.4678034e-03
   7.1300000e+02   1.4620190e+00   1.4698898e-03
   7.1200000e+02   1.4620358e+00   1.4719883e-03
   7.1100000e+02   1.4620526e+00   1.4741088e-03
   7.1000000e+02   1.4620695e+00   1.4762614e-03
   7.0900000e+02   1.4620865e+00   1.4784560e-03
   7.0800000e+02   1.4621035e+00   1.4806961e-03
   7.0700000e+02   1.4621206e+00   1.4829707e-03
   7.0600000e+02   1.4621378e+00   1.4852671e-03
   7.0500000e+02   1.4621550e+00   1.4875725e-03
   7.0400000e+02   1.4621724e+00   1.4898741e-03
   7.0300000e+02   1.4621898e+00   1.4921590e-03
   7.0200000e+02   1.4622072e+00   1.4944145e-03
   7.0100000e+02   1.4622248e+00   1.4966331e-03
   7.0000000e+02   1.4622425e+00   1.4988195e-03
   6.9900000e+02   1.4622603e+00   1.5009803e-03
   6.9800000e+02   1.4622781e+00   1.5031219e-03
   6.9700000e+02   1.4622961e+00   1.5052510e-03
   6.9600000e+02   1.4623141e+00   1.5073739e-03
   6.9500000e+02   1.4623323e+00   1.5094972e-03
   6.9400000e+02   1.4623505e+00   1.5116269e-03
   6.9300000e+02   1.4623688e+00   1.5137677e-03
   6.9200000e+02   1.4623872e+00   1.5159241e-03
   6.9100000e+02   1.4624057e+00   1.5181009e-03
   6.9000000e+02   1.4624243e+00   1.5203026e-03
   6.8900000e+02   1.4624429e+00   1.5225339e-03
   6.8800000e+02   1.4624616e+00   1.5247993e-03
   6.8700000e+02   1.4624803e+00   1.5270990e-03
   6.8600000e+02   1.4624991e+00   1.5294273e-03
   6.8500000e+02   1.4625179e+00   1.5317777e-03
   6.8400000e+02   1.4625369e+00   1.5341438e-03
   6.8300000e+02   1.4625559e+00   1.5365191e-03
   6.8200000e+02   1.4625751e+00   1.5388973e-03
   6.8100000e+02   1.4625943e+00   1.5412722e-03
   6.8000000e+02   1.4626137e+00   1.5436420e-03
   6.7900000e+02   1.4626332e+00   1.5460090e-03
   6.7800000e+02   1.4626527e+00   1.5483756e-03
   6.7700000e+02   1.4626724e+00   1.5507442e-03
   6.7600000e+02   1.4626921e+00   1.5531171e-03
   6.7500000e+02   1.4627118e+00   1.5554968e-03
   6.7400000e+02   1.4627316e+00   1.5578852e-03
   6.7300000e+02   1.4627515e+00   1.5602809e-03
   6.7200000e+02   1.4627714e+00   1.5626805e-03
   6.7100000e+02   1.4627914e+00   1.5650812e-03
   6.7000000e+02   1.4628116e+00   1.5674795e-03
   6.6900000e+02   1.4628318e+00   1.5698725e-03
   6.6800000e+02   1.4628522e+00   1.5722570e-03
   6.6700000e+02   1.4628728e+00   1.5746329e-03
   6.6600000e+02   1.4628935e+00   1.5770091e-03
   6.6500000e+02   1.4629143e+00   1.5793959e-03
   6.6400000e+02   1.4629352e+00   1.5818039e-03
   6.6300000e+02   1.4629562e+00   1.5842434e-03
   6.6200000e+02   1.4629773e+00   1.5867250e-03
   6.6100000e+02   1.4629985e+00   1.5892585e-03
   6.6000000e+02   1.4630197e+00   1.5918403e-03
   6.5900000e+02   1.4630409e+00   1.5944533e-03
   6.5800000e+02   1.4630623e+00   1.5970796e-03
   6.5700000e+02   1.4630837e+00   1.5997015e-03
   6.5600000e+02   1.4631052e+00   1.6023012e-03
   6.5500000e+02   1.4631268e+00   1.6048607e-03
   6.5400000e+02   1.4631485e+00   1.6073675e-03
   6.5300000e+02   1.4631703e+00   1.6098328e-03
   6.5200000e+02   1.4631923e+00   1.6122746e-03
   6.5100000e+02   1.4632143e+00   1.6147115e-03
   6.5000000e+02   1.4632365e+00   1.6171615e-03
   6.4900000e+02   1.4632589e+00   1.6196430e-03
   6.4800000e+02   1.4632814e+00   1.6221738e-03
   6.4700000e+02   1.4633040e+00   1.6247582e-03
   6.4600000e+02   1.4633268e+00   1.6273860e-03
   6.4500000e+02   1.4633497e+00   1.6300462e-03
   6.4400000e+02   1.4633727e+00   1.6327277e-03
   6.4300000e+02   1.4633958e+00   1.6354193e-03
   6.4200000e+02   1.4634189e+00   1.6381102e-03
   6.4100000e+02   1.4634421e+00   1.6407918e-03
   6.4000000e+02   1.4634654e+00   1.6434657e-03
   6.3900000e+02   1.4634887e+00   1.6461354e-03
   6.3800000e+02   1.4635122e+00   1.6488044e-03
   6.3700000e+02   1.4635358e+00   1.6514762e-03
   6.3600000e+02   1.4635595e+00   1.6541545e-03
   6.3500000e+02   1.4635834e+00   1.6568423e-03
   6.3400000e+02   1.4636075e+00   1.6595392e-03
   6.3300000e+02   1.4636317e+00   1.6622422e-03
   6.3200000e+02   1.4636561e+00   1.6649484e-03
   6.3100000e+02   1.4636805e+00   1.6676548e-03
   6.3000000e+02   1.4637050e+00   1.6703586e-03
   6.2900000e+02   1.4637296e+00   1.6730570e-03
   6.2800000e+02   1.4637543e+00   1.6757516e-03
   6.2700000e+02   1.4637790e+00   1.6784504e-03
   6.2600000e+02   1.4638039e+00   1.6811616e-03
   6.2500000e+02   1.4638288e+00   1.6838937e-03
   6.2400000e+02   1.4638539e+00   1.6866549e-03
   6.2300000e+02   1.4638791e+00   1.6894534e-03
   6.2200000e+02   1.4639045e+00   1.6922942e-03
   6.2100000e+02   1.4639300e+00   1.6951734e-03
   6.2000000e+02   1.4639557e+00   1.6980860e-03
   6.1900000e+02   1.4639816e+00   1.7010269e-03
   6.1800000e+02   1.4640076e+00   1.7039909e-03
   6.1700000e+02   1.4640338e+00   1.7069731e-03
   6.1600000e+02   1.4640601e+00   1.7099669e-03
   6.1500000e+02   1.4640866e+00   1.7129606e-03
   6.1400000e+02   1.4641132e+00   1.7159410e-03
   6.1300000e+02   1.4641399e+00   1.7188947e-03
   6.1200000e+02   1.4641668e+00   1.7218086e-03
   6.1100000e+02   1.4641938e+00   1.7246694e-03
   6.1000000e+02   1.4642210e+00   1.7274690e-03
   6.0900000e+02   1.4642482e+00   1.7302290e-03
   6.0800000e+02   1.4642756e+00   1.7329810e-03
   6.0700000e+02   1.4643031e+00   1.7357569e-03
   6.0600000e+02   1.4643307e+00   1.7385885e-03
   6.0500000e+02   1.4643584e+00   1.7415077e-03
   6.0400000e+02   1.4643863e+00   1.7445401e-03
   6.0300000e+02   1.4644143e+00   1.7476700e-03
   6.0200000e+02   1.4644424e+00   1.7508652e-03
   6.0100000e+02   1.4644707e+00   1.7540933e-03
   6.0000000e+02   1.4644991e+00   1.7573220e-03
   5.9900000e+02   1.4645276e+00   1.7605189e-03
   5.9800000e+02   1.4645564e+00   1.7636563e-03
   5.9700000e+02   1.4645853e+00   1.7667364e-03
   5.9600000e+02   1.4646144e+00   1.7697728e-03
   5.9500000e+02   1.4646436e+00   1.7727793e-03
   5.9400000e+02   1.4646730e+00   1.7757697e-03
   5.9300000e+02   1.4647026e+00   1.7787577e-03
   5.9200000e+02   1.4647324e+00   1.7817561e-03
   5.9100000e+02   1.4647623e+00   1.7847730e-03
   5.9000000e+02   1.4647924e+00   1.7878149e-03
   5.8900000e+02   1.4648226e+00   1.7908883e-03
   5.8800000e+02   1.4648530e+00   1.7939998e-03
   5.8700000e+02   1.4648835e+00   1.7971558e-03
   5.8600000e+02   1.4649141e+00   1.8003597e-03
   5.8500000e+02   1.4649449e+00   1.8036038e-03
   5.8400000e+02   1.4649758e+00   1.8068782e-03
   5.8300000e+02   1.4650068e+00   1.8101729e-03
   5.8200000e+02   1.4650381e+00   1.8134777e-03
   5.8100000e+02   1.4650695e+00   1.8167828e-03
   5.8000000e+02   1.4651011e+00   1.8200823e-03
   5.7900000e+02   1.4651328e+00   1.8233788e-03
   5.7800000e+02   1.4651648e+00   1.8266758e-03
   5.7700000e+02   1.4651969e+00   1.8299768e-03
   5.7600000e+02   1.4652292e+00   1.8332853e-03
   5.7500000e+02   1.4652617e+00   1.8366049e-03
   5.7400000e+02   1.4652943e+00   1.8399353e-03
   5.7300000e+02   1.4653271e+00   1.8432727e-03
   5.7200000e+02   1.4653601e+00   1.8466132e-03
   5.7100000e+02   1.4653934e+00   1.8499528e-03
   5.7000000e+02   1.4654268e+00   1.8532874e-03
   5.6900000e+02   1.4654605e+00   1.8566145e-03
   5.6800000e+02   1.4654944e+00   1.8599417e-03
   5.6700000e+02   1.4655286e+00   1.8632818e-03
   5.6600000e+02   1.4655629e+00   1.8666471e-03
   5.6500000e+02   1.4655974e+00   1.8700505e-03
   5.6400000e+02   1.4656320e+00   1.8735044e-03
   5.6300000e+02   1.4656668e+00   1.8770153e-03
   5.6200000e+02   1.4657017e+00   1.8805733e-03
   5.6100000e+02   1.4657368e+00   1.8841659e-03
   5.6000000e+02   1.4657720e+00   1.8877807e-03
   5.5900000e+02   1.4658074e+00   1.8914053e-03
   5.5800000e+02   1.4658430e+00   1.8950276e-03
   5.5700000e+02   1.4658787e+00   1.8986438e-03
   5.5600000e+02   1.4659147e+00   1.9022568e-03
   5.5500000e+02   1.4659510e+00   1.9058699e-03
   5.5400000e+02   1.4659874e+00   1.9094861e-03
   5.5300000e+02   1.4660241e+00   1.9131088e-03
   5.5200000e+02   1.4660611e+00   1.9167405e-03
   5.5100000e+02   1.4660982e+00   1.9203818e-03
   5.5000000e+02   1.4661357e+00   1.9240328e-03
   5.4900000e+02   1.4661733e+00   1.9276933e-03
   5.4800000e+02   1.4662111e+00   1.9313636e-03
   5.4700000e+02   1.4662491e+00   1.9350435e-03
   5.4600000e+02   1.4662873e+00   1.9387313e-03
   5.4500000e+02   1.4663257e+00   1.9424235e-03
   5.4400000e+02   1.4663643e+00   1.9461169e-03
   5.4300000e+02   1.4664031e+00   1.9498080e-03
   5.4200000e+02   1.4664423e+00   1.9534934e-03
   5.4100000e+02   1.4664816e+00   1.9571740e-03
   5.4000000e+02   1.4665213e+00   1.9608618e-03
   5.3900000e+02   1.4665612e+00   1.9645707e-03
   5.3800000e+02   1.4666013e+00   1.9683147e-03
   5.3700000e+02   1.4666416e+00   1.9721077e-03
   5.3600000e+02   1.4666821e+00   1.9759616e-03
   5.3500000e+02   1.4667228e+00   1.9798716e-03
   5.3400000e+02   1.4667637e+00   1.9838248e-03
   5.3300000e+02   1.4668048e+00   1.9878082e-03
   5.3200000e+02   1.4668462e+00   1.9918090e-03
   5.3100000e+02   1.4668879e+00   1.9958141e-03
   5.3000000e+02   1.4669298e+00   1.9998161e-03
   5.2900000e+02   1.4669720e+00   2.0038130e-03
   5.2800000e+02   1.4670145e+00   2.0078033e-03
   5.2700000e+02   1.4670572e+00   2.0117855e-03
   5.2600000e+02   1.4671002e+00   2.0157579e-03
   5.2500000e+02   1.4671435e+00   2.0197252e-03
   5.2400000e+02   1.4671870e+00   2.0237054e-03
   5.2300000e+02   1.4672308e+00   2.0277187e-03
   5.2200000e+02   1.4672748e+00   2.0317851e-03
   5.2100000e+02   1.4673192e+00   2.0359247e-03
   5.2000000e+02   1.4673638e+00   2.0401487e-03
   5.1900000e+02   1.4674088e+00   2.0444308e-03
   5.1800000e+02   1.4674539e+00   2.0487345e-03
   5.1700000e+02   1.4674993e+00   2.0530237e-03
   5.1600000e+02   1.4675449e+00   2.0572620e-03
   5.1500000e+02   1.4675908e+00   2.0614201e-03
   5.1400000e+02   1.4676368e+00   2.0655164e-03
   5.1300000e+02   1.4676831e+00   2.0695891e-03
   5.1200000e+02   1.4677298e+00   2.0736766e-03
   5.1100000e+02   1.4677767e+00   2.0778174e-03
   5.1000000e+02   1.4678240e+00   2.0820458e-03
   5.0900000e+02   1.4678717e+00   2.0863569e-03
   5.0800000e+02   1.4679196e+00   2.0907240e-03
   5.0700000e+02   1.4679679e+00   2.0951200e-03
   5.0600000e+02   1.4680165e+00   2.0995179e-03
   5.0500000e+02   1.4680654e+00   2.1038930e-03
   5.0400000e+02   1.4681145e+00   2.1082499e-03
   5.0300000e+02   1.4681639e+00   2.1126124e-03
   5.0200000e+02   1.4682136e+00   2.1170043e-03
   5.0100000e+02   1.4682636e+00   2.1214496e-03
   5.0000000e+02   1.4683141e+00   2.1259703e-03
   4.9900000e+02   1.4683649e+00   2.1305637e-03
   4.9800000e+02   1.4684160e+00   2.1352105e-03
   4.9700000e+02   1.4684675e+00   2.1398913e-03
   4.9600000e+02   1.4685193e+00   2.1445868e-03
   4.9500000e+02   1.4685715e+00   2.1492786e-03
   4.9400000e+02   1.4686239e+00   2.1539633e-03
   4.9300000e+02   1.4686766e+00   2.1586456e-03
   4.9200000e+02   1.4687296e+00   2.1633304e-03
   4.9100000e+02   1.4687829e+00   2.1680226e-03
   4.9000000e+02   1.4688365e+00   2.1727268e-03
   4.8900000e+02   1.4688903e+00   2.1774445e-03
   4.8800000e+02   1.4689446e+00   2.1821759e-03
   4.8700000e+02   1.4689992e+00   2.1869212e-03
   4.8600000e+02   1.4690543e+00   2.1916806e-03
   4.8500000e+02   1.4691098e+00   2.1964536e-03
   4.8400000e+02   1.4691658e+00   2.2012357e-03
   4.8300000e+02   1.4692222e+00   2.2060215e-03
   4.8200000e+02   1.4692789e+00   2.2108055e-03
   4.8100000e+02   1.4693360e+00   2.2155822e-03
   4.8000000e+02   1.4693933e+00   2.2203526e-03
   4.7900000e+02   1.4694509e+00   2.2251361e-03
   4.7800000e+02   1.4695089e+00   2.2299553e-03
   4.7700000e+02   1.4695673e+00   2.2348326e-03
   4.7600000e+02   1.4696262e+00   2.2397902e-03
   4.7500000e+02   1.4696856e+00   2.2448305e-03
   4.7400000e+02   1.4697455e+00   2.2499273e-03
   4.7300000e+02   1.4698057e+00   2.2550520e-03
   4.7200000e+02   1.4698663e+00   2.2601762e-03
   4.7100000e+02   1.4699272e+00   2.2652742e-03
   4.7000000e+02   1.4699884e+00   2.2703563e-03
   4.6900000e+02   1.4700499e+00   2.2754572e-03
   4.6800000e+02   1.4701119e+00   2.2806123e-03
   4.6700000e+02   1.4701743e+00   2.2858568e-03
   4.6600000e+02   1.4702372e+00   2.2912126e-03
   4.6500000e+02   1.4703006e+00   2.2966430e-03
   4.6400000e+02   1.4703645e+00   2.3020954e-03
   4.6300000e+02   1.4704289e+00   2.3075171e-03
   4.6200000e+02   1.4704938e+00   2.3128565e-03
   4.6100000e+02   1.4705591e+00   2.3181024e-03
   4.6000000e+02   1.4706249e+00   2.3233037e-03
   4.5900000e+02   1.4706911e+00   2.3285144e-03
   4.5800000e+02   1.4707578e+00   2.3337884e-03
   4.5700000e+02   1.4708249e+00   2.3391726e-03
   4.5600000e+02   1.4708924e+00   2.3446571e-03
   4.5500000e+02   1.4709603e+00   2.3502043e-03
   4.5400000e+02   1.4710287e+00   2.3557768e-03
   4.5300000e+02   1.4710977e+00   2.3613370e-03
   4.5200000e+02   1.4711671e+00   2.3668694e-03
   4.5100000e+02   1.4712370e+00   2.3724020e-03
   4.5000000e+02   1.4713075e+00   2.3779680e-03
   4.4900000e+02   1.4713785e+00   2.3836004e-03
   4.4800000e+02   1.4714499e+00   2.3893282e-03
   4.4700000e+02   1.4715219e+00   2.3951431e-03
   4.4600000e+02   1.4715944e+00   2.4010178e-03
   4.4500000e+02   1.4716674e+00   2.4069252e-03
   4.4400000e+02   1.4717409e+00   2.4128379e-03
   4.4300000e+02   1.4718150e+00   2.4187420e-03
   4.4200000e+02   1.4718896e+00   2.4246447e-03
   4.4100000e+02   1.4719647e+00   2.4305553e-03
   4.4000000e+02   1.4720404e+00   2.4364832e-03
   4.3900000e+02   1.4721166e+00   2.4424351e-03
   4.3800000e+02   1.4721932e+00   2.4484054e-03
   4.3700000e+02   1.4722705e+00   2.4543840e-03
   4.3600000e+02   1.4723484e+00   2.4603612e-03
   4.3500000e+02   1.4724269e+00   2.4663280e-03
   4.3400000e+02   1.4725060e+00   2.4722968e-03
   4.3300000e+02   1.4725857e+00   2.4782977e-03
   4.3200000e+02   1.4726660e+00   2.4843615e-03
   4.3100000e+02   1.4727468e+00   2.4905187e-03
   4.3000000e+02   1.4728282e+00   2.4967792e-03
   4.2900000e+02   1.4729101e+00   2.5031115e-03
   4.2800000e+02   1.4729927e+00   2.5094796e-03
   4.2700000e+02   1.4730760e+00   2.5158475e-03
   4.2600000e+02   1.4731601e+00   2.5221903e-03
   4.2500000e+02   1.4732448e+00   2.5285324e-03
   4.2400000e+02   1.4733303e+00   2.5349112e-03
   4.2300000e+02   1.4734163e+00   2.5413642e-03
   4.2200000e+02   1.4735029e+00   2.5479240e-03
   4.2100000e+02   1.4735900e+00   2.5545804e-03
   4.2000000e+02   1.4736777e+00   2.5613012e-03
   4.1900000e+02   1.4737662e+00   2.5680540e-03
   4.1800000e+02   1.4738554e+00   2.5748077e-03
   4.1700000e+02   1.4739454e+00   2.5815538e-03
   4.1600000e+02   1.4740362e+00   2.5883029e-03
   4.1500000e+02   1.4741276e+00   2.5950663e-03
   4.1400000e+02   1.4742198e+00   2.6018549e-03
   4.1300000e+02   1.4743125e+00   2.6086700e-03
   4.1200000e+02   1.4744060e+00   2.6155007e-03
   4.1100000e+02   1.4745002e+00   2.6223355e-03
   4.1000000e+02   1.4745952e+00   2.6291630e-03
   4.0900000e+02   1.4746910e+00   2.6359891e-03
   4.0800000e+02   1.4747876e+00   2.6428473e-03
   4.0700000e+02   1.4748849e+00   2.6497739e-03
   4.0600000e+02   1.4749831e+00   2.6568046e-03
   4.0500000e+02   1.4750820e+00   2.6639504e-03
   4.0400000e+02   1.4751818e+00   2.6711744e-03
   4.0300000e+02   1.4752823e+00   2.6784341e-03
   4.0200000e+02   1.4753837e+00   2.6856873e-03
   4.0100000e+02   1.4754859e+00   2.6929180e-03
   4.0000000e+02   1.4755889e+00   2.7001631e-03
   3.9900000e+02   1.4756927e+00   2.7074661e-03
   3.9800000e+02   1.4757973e+00   2.7148702e-03
   3.9700000e+02   1.4759028e+00   2.7223939e-03
   3.9600000e+02   1.4760091e+00   2.7300081e-03
   3.9500000e+02   1.4761163e+00   2.7376780e-03
   3.9400000e+02   1.4762244e+00   2.7453691e-03
   3.9300000e+02   1.4763335e+00   2.7530591e-03
   3.9200000e+02   1.4764435e+00   2.7607460e-03
   3.9100000e+02   1.4765545e+00   2.7684297e-03
   3.9000000e+02   1.4766664e+00   2.7761106e-03
   3.8900000e+02   1.4767793e+00   2.7838037e-03
   3.8800000e+02   1.4768931e+00   2.7915433e-03
   3.8700000e+02   1.4770079e+00   2.7993649e-03
   3.8600000e+02   1.4771236e+00   2.8073018e-03
   3.8500000e+02   1.4772404e+00   2.8153519e-03
   3.8400000e+02   1.4773581e+00   2.8234805e-03
   3.8300000e+02   1.4774768e+00   2.8316519e-03
   3.8200000e+02   1.4775964e+00   2.8398327e-03
   3.8100000e+02   1.4777171e+00   2.8480122e-03
   3.8000000e+02   1.4778388e+00   2.8561930e-03
   3.7900000e+02   1.4779616e+00   2.8643777e-03
   3.7800000e+02   1.4780856e+00   2.8725722e-03
   3.7700000e+02   1.4782107e+00   2.8807985e-03
   3.7600000e+02   1.4783369e+00   2.8890840e-03
   3.7500000e+02   1.4784641e+00   2.8974556e-03
   3.7400000e+02   1.4785922e+00   2.9059344e-03
   3.7300000e+02   1.4787214e+00   2.9145254e-03
   3.7200000e+02   1.4788518e+00   2.9232318e-03
   3.7100000e+02   1.4789835e+00   2.9320561e-03
   3.7000000e+02   1.4791164e+00   2.9409840e-03
   3.6900000e+02   1.4792506e+00   2.9499829e-03
   3.6800000e+02   1.4793862e+00   2.9590193e-03
   3.6700000e+02   1.4795229e+00   2.9680632e-03
   3.6600000e+02   1.4796610e+00   2.9771128e-03
   3.6500000e+02   1.4798003e+00   2.9861797e-03
   3.6400000e+02   1.4799407e+00   2.9952756e-03
   3.6300000e+02   1.4800824e+00   3.0044064e-03
   3.6200000e+02   1.4802253e+00   3.0135630e-03
   3.6100000e+02   1.4803695e+00   3.0227339e-03
   3.6000000e+02   1.4805150e+00   3.0319087e-03
   3.5900000e+02   1.4806619e+00   3.0411010e-03
   3.5800000e+02   1.4808101e+00   3.0503462e-03
   3.5700000e+02   1.4809599e+00   3.0596806e-03
   3.5600000e+02   1.4811111e+00   3.0691352e-03
   3.5500000e+02   1.4812638e+00   3.0787172e-03
   3.5400000e+02   1.4814179e+00   3.0884273e-03
   3.5300000e+02   1.4815733e+00   3.0982658e-03
   3.5200000e+02   1.4817301e+00   3.1082174e-03
   3.5100000e+02   1.4818884e+00   3.1182484e-03
   3.5000000e+02   1.4820482e+00   3.1283242e-03
   3.4900000e+02   1.4822098e+00   3.1384146e-03
   3.4800000e+02   1.4823729e+00   3.1485130e-03
   3.4700000e+02   1.4825377e+00   3.1586197e-03
   3.4600000e+02   1.4827040e+00   3.1687358e-03
   3.4500000e+02   1.4828719e+00   3.1788792e-03
   3.4400000e+02   1.4830414e+00   3.1890861e-03
   3.4300000e+02   1.4832125e+00   3.1993940e-03
   3.4200000e+02   1.4833854e+00   3.2098333e-03
   3.4100000e+02   1.4835601e+00   3.2204110e-03
   3.4000000e+02   1.4837364e+00   3.2311287e-03
   3.3900000e+02   1.4839145e+00   3.2419863e-03
   3.3800000e+02   1.4840944e+00   3.2529611e-03
   3.3700000e+02   1.4842760e+00   3.2640145e-03
   3.3600000e+02   1.4844596e+00   3.2751081e-03
   3.3500000e+02   1.4846451e+00   3.2862147e-03
   3.3400000e+02   1.4848324e+00   3.2973281e-03
   3.3300000e+02   1.4850215e+00   3.3084442e-03
   3.3200000e+02   1.4852124e+00   3.3195684e-03
   3.3100000e+02   1.4854052e+00   3.3307499e-03
   3.3000000e+02   1.4856000e+00   3.3420508e-03
   3.2900000e+02   1.4857972e+00   3.3535267e-03
   3.2800000e+02   1.4859967e+00   3.3651555e-03
   3.2700000e+02   1.4861983e+00   3.3768632e-03
   3.2600000e+02   1.4864018e+00   3.3885764e-03
   3.2500000e+02   1.4866073e+00   3.4002788e-03
   3.2400000e+02   1.4868148e+00   3.4120305e-03
   3.2300000e+02   1.4870245e+00   3.4238971e-03
   3.2200000e+02   1.4872364e+00   3.4359273e-03
   3.2100000e+02   1.4874506e+00   3.4481285e-03
   3.2000000e+02   1.4876673e+00   3.4605015e-03
   3.1900000e+02   1.4878865e+00   3.4730371e-03
   3.1800000e+02   1.4881081e+00   3.4856803e-03
   3.1700000e+02   1.4883321e+00   3.4983632e-03
   3.1600000e+02   1.4885584e+00   3.5110312e-03
   3.1500000e+02   1.4887869e+00   3.5237288e-03
   3.1400000e+02   1.4890179e+00   3.5365466e-03
   3.1300000e+02   1.4892515e+00   3.5495662e-03
   3.1200000e+02   1.4894878e+00   3.5627623e-03
   3.1100000e+02   1.4897268e+00   3.5760387e-03
   3.1000000e+02   1.4899685e+00   3.5893033e-03
   3.0900000e+02   1.4902130e+00   3.6025660e-03
   3.0800000e+02   1.4904603e+00   3.6159261e-03
   3.0700000e+02   1.4907104e+00   3.6294822e-03
   3.0600000e+02   1.4909634e+00   3.6432408e-03
   3.0500000e+02   1.4912193e+00   3.6571100e-03
   3.0400000e+02   1.4914782e+00   3.6709953e-03
   3.0300000e+02   1.4917400e+00   3.6848782e-03
   3.0200000e+02   1.4920048e+00   3.6988309e-03
   3.0100000e+02   1.4922726e+00   3.7129298e-03
   3.0000000e+02   1.4925434e+00   3.7272203e-03
   2.9900000e+02   1.4928174e+00   3.7417094e-03
   2.9800000e+02   1.4930948e+00   3.7564006e-03
   2.9700000e+02   1.4933756e+00   3.7712609e-03
   2.9600000e+02   1.4936599e+00   3.7862140e-03
   2.9500000e+02   1.4939475e+00   3.8011838e-03
   2.9400000e+02   1.4942384e+00   3.8161681e-03
   2.9300000e+02   1.4945328e+00   3.8312423e-03
   2.9200000e+02   1.4948308e+00   3.8464835e-03
   2.9100000e+02   1.4951324e+00   3.8619314e-03
   2.9000000e+02   1.4954377e+00   3.8775934e-03
   2.8900000e+02   1.4957468e+00   3.8934712e-03
   2.8800000e+02   1.4960596e+00   3.9095127e-03
   2.8700000e+02   1.4963763e+00   3.9256301e-03
   2.8600000e+02   1.4966970e+00   3.9417496e-03
   2.8500000e+02   1.4970218e+00   3.9579089e-03
   2.8400000e+02   1.4973508e+00   3.9741970e-03
   2.8300000e+02   1.4976839e+00   3.9906919e-03
   2.8200000e+02   1.4980213e+00   4.0074197e-03
   2.8100000e+02   1.4983631e+00   4.0243910e-03
   2.8000000e+02   1.4987093e+00   4.0415826e-03
   2.7900000e+02   1.4990601e+00   4.0588808e-03
   2.7800000e+02   1.4994154e+00   4.0761598e-03
   2.7700000e+02   1.4997754e+00   4.0934327e-03
   2.7600000e+02   1.5001401e+00   4.1109147e-03
   2.7500000e+02   1.5005097e+00   4.1288211e-03
   2.7400000e+02   1.5008842e+00   4.1471315e-03
   2.7300000e+02   1.5012635e+00   4.1656448e-03
   2.7200000e+02   1.5016477e+00   4.1841778e-03
   2.7100000e+02   1.5020371e+00   4.2026819e-03
   2.7000000e+02   1.5024319e+00   4.2211574e-03
   2.6900000e+02   1.5028325e+00   4.2396648e-03
   2.6800000e+02   1.5032386e+00   4.2584097e-03
   2.6700000e+02   1.5036502e+00   4.2776091e-03
   2.6600000e+02   1.5040673e+00   4.2972326e-03
   2.6500000e+02   1.5044902e+00   4.3170008e-03
   2.6400000e+02   1.5049191e+00   4.3366850e-03
   2.6300000e+02   1.5053541e+00   4.3564482e-03
   2.6200000e+02   1.5057952e+00   4.3766056e-03
   2.6100000e+02   1.5062426e+00   4.3972875e-03
   2.6000000e+02   1.5066964e+00   4.4182396e-03
   2.5900000e+02   1.5071569e+00   4.4391820e-03
   2.5800000e+02   1.5076243e+00   4.4601236e-03
   2.5700000e+02   1.5080987e+00   4.4812794e-03
   2.5600000e+02   1.5085801e+00   4.5027821e-03
   2.5500000e+02   1.5090686e+00   4.5244751e-03
   2.5400000e+02   1.5095641e+00   4.5461530e-03
   2.5300000e+02   1.5100668e+00   4.5678616e-03
   2.5200000e+02   1.5105774e+00   4.5898886e-03
   2.5100000e+02   1.5110963e+00   4.6124501e-03
   2.5000000e+02   1.5116232e+00   4.6354340e-03
   2.4900000e+02   1.5121578e+00   4.6586508e-03
   2.4800000e+02   1.5127002e+00   4.6820539e-03
   2.4700000e+02   1.5132512e+00   4.7057395e-03
   2.4600000e+02   1.5138112e+00   4.7297554e-03
   2.4500000e+02   1.5143803e+00   4.7539517e-03
   2.4400000e+02   1.5149581e+00   4.7781496e-03
   2.4300000e+02   1.5155450e+00   4.8024297e-03
   2.4200000e+02   1.5161415e+00   4.8270802e-03
   2.4100000e+02   1.5167479e+00   4.8522831e-03
   2.4000000e+02   1.5173643e+00   4.8779439e-03
   2.3900000e+02   1.5179908e+00   4.9039250e-03
   2.3800000e+02   1.5186276e+00   4.9300788e-03
   2.3700000e+02   1.5192751e+00   4.9562578e-03
   2.3600000e+02   1.5199336e+00   4.9825075e-03
   2.3500000e+02   1.5206034e+00   5.0091298e-03
   2.3400000e+02   1.5212845e+00   5.0363479e-03
   2.3300000e+02   1.5219773e+00   5.0640452e-03
   2.3200000e+02   1.5226823e+00   5.0920417e-03
   2.3100000e+02   1.5233996e+00   5.1202687e-03
   2.3000000e+02   1.5241296e+00   5.1487235e-03
   2.2900000e+02   1.5248726e+00   5.1775081e-03
   2.2800000e+02   1.5256291e+00   5.2068553e-03
   2.2700000e+02   1.5263994e+00   5.2368460e-03
   2.2600000e+02   1.5271836e+00   5.2671254e-03
   2.2500000e+02   1.5279821e+00   5.2973612e-03
   2.2400000e+02   1.5287953e+00   5.3277895e-03
   2.2300000e+02   1.5296236e+00   5.3588245e-03
   2.2200000e+02   1.5304677e+00   5.3904963e-03
   2.2100000e+02   1.5313281e+00   5.4225697e-03
   2.2000000e+02   1.5322052e+00   5.4549124e-03
   2.1900000e+02   1.5330991e+00   5.4875258e-03
   2.1800000e+02   1.5340102e+00   5.5204846e-03
   2.1700000e+02   1.5349393e+00   5.5539966e-03
   2.1600000e+02   1.5358875e+00   5.5881891e-03
   2.1500000e+02   1.5368550e+00   5.6228646e-03
   2.1400000e+02   1.5378422e+00   5.6578253e-03
   2.1300000e+02   1.5388497e+00   5.6932312e-03
   2.1200000e+02   1.5398777e+00   5.7293190e-03
   2.1100000e+02   1.5409272e+00   5.7660159e-03
   2.1000000e+02   1.5419991e+00   5.8031155e-03
   2.0900000e+02   1.5430942e+00   5.8405503e-03
   2.0800000e+02   1.5442131e+00   5.8783456e-03
   2.0700000e+02   1.5453567e+00   5.9166101e-03
   2.0600000e+02   1.5465263e+00   5.9555129e-03
   2.0500000e+02   1.5477225e+00   5.9951423e-03
   2.0400000e+02   1.5489458e+00   6.0355047e-03
   2.0300000e+02   1.5501970e+00   6.0765025e-03
   2.0200000e+02   1.5514778e+00   6.1179389e-03
   2.0100000e+02   1.5527896e+00   6.1598035e-03
   2.0000000e+02   1.5541334e+00   6.2022997e-03
