   1.1000000e+03   2.0550707e+00   1.5377051e-03
   1.0990000e+03   2.0551048e+00   1.5419187e-03
   1.0980000e+03   2.0551391e+00   1.5461407e-03
   1.0970000e+03   2.0551735e+00   1.5503710e-03
   1.0960000e+03   2.0552079e+00   1.5546093e-03
   1.0950000e+03   2.0552425e+00   1.5588555e-03
   1.0940000e+03   2.0552771e+00   1.5631095e-03
   1.0930000e+03   2.0553118e+00   1.5673710e-03
   1.0920000e+03   2.0553467e+00   1.5716398e-03
   1.0910000e+03   2.0553816e+00   1.5759159e-03
   1.0900000e+03   2.0554167e+00   1.5801989e-03
   1.0890000e+03   2.0554518e+00   1.5844888e-03
   1.0880000e+03   2.0554871e+00   1.5887853e-03
   1.0870000e+03   2.0555224e+00   1.5930882e-03
   1.0860000e+03   2.0555579e+00   1.5973974e-03
   1.0850000e+03   2.0555934e+00   1.6017128e-03
   1.0840000e+03   2.0556291e+00   1.6060340e-03
   1.0830000e+03   2.0556649e+00   1.6103610e-03
   1.0820000e+03   2.0557007e+00   1.6146936e-03
   1.0810000e+03   2.0557367e+00   1.6190316e-03
   1.0800000e+03   2.0557728e+00   1.6233752e-03
   1.0790000e+03   2.0558090e+00   1.6277245e-03
   1.0780000e+03   2.0558453e+00   1.6320796e-03
   1.0770000e+03   2.0558817e+00   1.6364407e-03
   1.0760000e+03   2.0559182e+00   1.6408080e-03
   1.0750000e+03   2.0559548e+00   1.6451815e-03
   1.0740000e+03   2.0559915e+00   1.6495614e-03
   1.0730000e+03   2.0560284e+00   1.6539479e-03
   1.0720000e+03   2.0560653e+00   1.6583410e-03
   1.0710000e+03   2.0561024e+00   1.6627410e-03
   1.0700000e+03   2.0561395e+00   1.6671479e-03
   1.0690000e+03   2.0561768e+00   1.6715620e-03
   1.0680000e+03   2.0562142e+00   1.6759832e-03
   1.0670000e+03   2.0562516e+00   1.6804119e-03
   1.0660000e+03   2.0562892e+00   1.6848481e-03
   1.0650000e+03   2.0563269e+00   1.6892919e-03
   1.0640000e+03   2.0563648e+00   1.6937435e-03
   1.0630000e+03   2.0564027e+00   1.6982030e-03
   1.0620000e+03   2.0564407e+00   1.7026707e-03
   1.0610000e+03   2.0564789e+00   1.7071464e-03
   1.0600000e+03   2.0565171e+00   1.7116300e-03
   1.0590000e+03   2.0565555e+00   1.7161211e-03
   1.0580000e+03   2.0565940e+00   1.7206194e-03
   1.0570000e+03   2.0566326e+00   1.7251247e-03
   1.0560000e+03   2.0566713e+00   1.7296367e-03
   1.0550000e+03   2.0567102e+00   1.7341550e-03
   1.0540000e+03   2.0567491e+00   1.7386793e-03
   1.0530000e+03   2.0567882e+00   1.7432094e-03
   1.0520000e+03   2.0568274e+00   1.7477449e-03
   1.0510000e+03   2.0568668e+00   1.7522855e-03
   1.0500000e+03   2.0569062e+00   1.7568310e-03
   1.0490000e+03   2.0569458e+00   1.7613810e-03
   1.0480000e+03   2.0569855e+00   1.7659352e-03
   1.0470000e+03   2.0570254e+00   1.7704934e-03
   1.0460000e+03   2.0570654e+00   1.7750552e-03
   1.0450000e+03   2.0571055e+00   1.7796203e-03
   1.0440000e+03   2.0571458e+00   1.7841885e-03
   1.0430000e+03   2.0571862e+00   1.7887594e-03
   1.0420000e+03   2.0572267e+00   1.7933327e-03
   1.0410000e+03   2.0572674e+00   1.7979099e-03
   1.0400000e+03   2.0573082e+00   1.8024937e-03
   1.0390000e+03   2.0573491e+00   1.8070869e-03
   1.0380000e+03   2.0573902e+00   1.8116923e-03
   1.0370000e+03   2.0574315e+00   1.8163129e-03
   1.0360000e+03   2.0574729e+00   1.8209515e-03
   1.0350000e+03   2.0575144e+00   1.8256109e-03
   1.0340000e+03   2.0575560e+00   1.8302940e-03
   1.0330000e+03   2.0575979e+00   1.8350036e-03
   1.0320000e+03   2.0576398e+00   1.8397426e-03
   1.0310000e+03   2.0576819e+00   1.8445138e-03
   1.0300000e+03   2.0577242e+00   1.8493201e-03
   1.0290000e+03   2.0577665e+00   1.8541642e-03
   1.0280000e+03   2.0578091e+00   1.8590492e-03
   1.0270000e+03   2.0578518e+00   1.8639778e-03
   1.0260000e+03   2.0578946e+00   1.8689528e-03
   1.0250000e+03   2.0579376e+00   1.8739772e-03
   1.0240000e+03   2.0579807e+00   1.8790537e-03
   1.0230000e+03   2.0580240e+00   1.8841853e-03
   1.0220000e+03   2.0580674e+00   1.8893745e-03
   1.0210000e+03   2.0581110e+00   1.8946234e-03
   1.0200000e+03   2.0581547e+00   1.8999343e-03
   1.0190000e+03   2.0581985e+00   1.9053093e-03
   1.0180000e+03   2.0582425e+00   1.9107504e-03
   1.0170000e+03   2.0582867e+00   1.9162597e-03
   1.0160000e+03   2.0583309e+00   1.9218394e-03
   1.0150000e+03   2.0583753e+00   1.9274916e-03
   1.0140000e+03   2.0584199e+00   1.9332183e-03
   1.0130000e+03   2.0584646e+00   1.9390218e-03
   1.0120000e+03   2.0585094e+00   1.9449040e-03
   1.0110000e+03   2.0585543e+00   1.9508672e-03
   1.0100000e+03   2.0585993e+00   1.9569135e-03
   1.0090000e+03   2.0586445e+00   1.9630449e-03
   1.0080000e+03   2.0586898e+00   1.9692635e-03
   1.0070000e+03   2.0587352e+00   1.9755715e-03
   1.0060000e+03   2.0587808e+00   1.9819710e-03
   1.0050000e+03   2.0588264e+00   1.9884641e-03
   1.0040000e+03   2.0588722e+00   1.9950528e-03
   1.0030000e+03   2.0589181e+00   2.0017364e-03
   1.0020000e+03   2.0589641e+00   2.0085092e-03
   1.0010000e+03   2.0590102e+00   2.0153651e-03
   1.0000000e+03   2.0590564e+00   2.0222979e-03
   9.9900000e+02   2.0591027e+00   2.0293017e-03
   9.9800000e+02   2.0591492e+00   2.0363704e-03
   9.9700000e+02   2.0591957e+00   2.0434977e-03
   9.9600000e+02   2.0592424e+00   2.0506777e-03
   9.9500000e+02   2.0592892e+00   2.0579043e-03
   9.9400000e+02   2.0593361e+00   2.0651714e-03
   9.9300000e+02   2.0593831e+00   2.0724728e-03
   9.9200000e+02   2.0594302e+00   2.0798025e-03
   9.9100000e+02   2.0594774e+00   2.0871544e-03
   9.9000000e+02   2.0595248e+00   2.0945225e-03
   9.8900000e+02   2.0595722e+00   2.1019005e-03
   9.8800000e+02   2.0596198e+00   2.1092825e-03
   9.8700000e+02   2.0596674e+00   2.1166624e-03
   9.8600000e+02   2.0597152e+00   2.1240340e-03
   9.8500000e+02   2.0597631e+00   2.1313918e-03
   9.8400000e+02   2.0598111e+00   2.1387355e-03
   9.8300000e+02   2.0598592e+00   2.1460674e-03
   9.8200000e+02   2.0599075e+00   2.1533900e-03
   9.8100000e+02   2.0599558e+00   2.1607058e-03
   9.8000000e+02   2.0600043e+00   2.1680172e-03
   9.7900000e+02   2.0600529e+00   2.1753265e-03
   9.7800000e+02   2.0601016e+00   2.1826364e-03
   9.7700000e+02   2.0601505e+00   2.1899491e-03
   9.7600000e+02   2.0601994e+00   2.1972671e-03
   9.7500000e+02   2.0602485e+00   2.2045929e-03
   9.7400000e+02   2.0602978e+00   2.2119289e-03
   9.7300000e+02   2.0603471e+00   2.2192776e-03
   9.7200000e+02   2.0603967e+00   2.2266413e-03
   9.7100000e+02   2.0604463e+00   2.2340225e-03
   9.7000000e+02   2.0604961e+00   2.2414237e-03
   9.6900000e+02   2.0605460e+00   2.2488472e-03
   9.6800000e+02   2.0605961e+00   2.2562956e-03
   9.6700000e+02   2.0606463e+00   2.2637712e-03
   9.6600000e+02   2.0606967e+00   2.2712745e-03
   9.6500000e+02   2.0607472e+00   2.2788042e-03
   9.6400000e+02   2.0607979e+00   2.2863589e-03
   9.6300000e+02   2.0608487e+00   2.2939373e-03
   9.6200000e+02   2.0608997e+00   2.3015380e-03
   9.6100000e+02   2.0609508e+00   2.3091596e-03
   9.6000000e+02   2.0610021e+00   2.3168008e-03
   9.5900000e+02   2.0610536e+00   2.3244602e-03
   9.5800000e+02   2.0611051e+00   2.3321364e-03
   9.5700000e+02   2.0611569e+00   2.3398281e-03
   9.5600000e+02   2.0612088e+00   2.3475338e-03
   9.5500000e+02   2.0612608e+00   2.3552523e-03
   9.5400000e+02   2.0613130e+00   2.3629821e-03
   9.5300000e+02   2.0613654e+00   2.3707218e-03
   9.5200000e+02   2.0614179e+00   2.3784702e-03
   9.5100000e+02   2.0614706e+00   2.3862258e-03
   9.5000000e+02   2.0615235e+00   2.3939873e-03
   9.4900000e+02   2.0615765e+00   2.4017533e-03
   9.4800000e+02   2.0616296e+00   2.4095241e-03
   9.4700000e+02   2.0616829e+00   2.4173006e-03
   9.4600000e+02   2.0617364e+00   2.4250840e-03
   9.4500000e+02   2.0617901e+00   2.4328754e-03
   9.4400000e+02   2.0618439e+00   2.4406760e-03
   9.4300000e+02   2.0618979e+00   2.4484869e-03
   9.4200000e+02   2.0619520e+00   2.4563093e-03
   9.4100000e+02   2.0620063e+00   2.4641441e-03
   9.4000000e+02   2.0620608e+00   2.4719927e-03
   9.3900000e+02   2.0621154e+00   2.4798560e-03
   9.3800000e+02   2.0621703e+00   2.4877353e-03
   9.3700000e+02   2.0622253e+00   2.4956316e-03
   9.3600000e+02   2.0622804e+00   2.5035461e-03
   9.3500000e+02   2.0623358e+00   2.5114799e-03
   9.3400000e+02   2.0623913e+00   2.5194342e-03
   9.3300000e+02   2.0624470e+00   2.5274100e-03
   9.3200000e+02   2.0625029e+00   2.5354085e-03
   9.3100000e+02   2.0625589e+00   2.5434305e-03
   9.3000000e+02   2.0626151e+00   2.5514755e-03
   9.2900000e+02   2.0626715e+00   2.5595429e-03
   9.2800000e+02   2.0627281e+00   2.5676320e-03
   9.2700000e+02   2.0627849e+00   2.5757421e-03
   9.2600000e+02   2.0628419e+00   2.5838725e-03
   9.2500000e+02   2.0628990e+00   2.5920225e-03
   9.2400000e+02   2.0629564e+00   2.6001915e-03
   9.2300000e+02   2.0630139e+00   2.6083788e-03
   9.2200000e+02   2.0630716e+00   2.6165837e-03
   9.2100000e+02   2.0631295e+00   2.6248055e-03
   9.2000000e+02   2.0631876e+00   2.6330435e-03
   9.1900000e+02   2.0632459e+00   2.6412970e-03
   9.1800000e+02   2.0633044e+00   2.6495655e-03
   9.1700000e+02   2.0633630e+00   2.6578481e-03
   9.1600000e+02   2.0634219e+00   2.6661442e-03
   9.1500000e+02   2.0634810e+00   2.6744532e-03
   9.1400000e+02   2.0635403e+00   2.6827744e-03
   9.1300000e+02   2.0635997e+00   2.6911082e-03
   9.1200000e+02   2.0636594e+00   2.6994553e-03
   9.1100000e+02   2.0637193e+00   2.7078165e-03
   9.1000000e+02   2.0637794e+00   2.7161924e-03
   9.0900000e+02   2.0638397e+00   2.7245837e-03
   9.0800000e+02   2.0639001e+00   2.7329912e-03
   9.0700000e+02   2.0639608e+00   2.7414156e-03
   9.0600000e+02   2.0640217e+00   2.7498575e-03
   9.0500000e+02   2.0640829e+00   2.7583178e-03
   9.0400000e+02   2.0641442e+00   2.7667971e-03
   9.0300000e+02   2.0642057e+00   2.7752961e-03
   9.0200000e+02   2.0642674e+00   2.7838155e-03
   9.0100000e+02   2.0643294e+00   2.7923561e-03
   9.0000000e+02   2.0643916e+00   2.8009186e-03
   8.9900000e+02   2.0644539e+00   2.8095036e-03
   8.9800000e+02   2.0645165e+00   2.8181120e-03
   8.9700000e+02   2.0645794e+00   2.8267442e-03
   8.9600000e+02   2.0646424e+00   2.8353999e-03
   8.9500000e+02   2.0647056e+00   2.8440784e-03
   8.9400000e+02   2.0647691e+00   2.8527791e-03
   8.9300000e+02   2.0648328e+00   2.8615013e-03
   8.9200000e+02   2.0648967e+00   2.8702444e-03
   8.9100000e+02   2.0649608e+00   2.8790078e-03
   8.9000000e+02   2.0650251e+00   2.8877907e-03
   8.8900000e+02   2.0650897e+00   2.8965925e-03
   8.8800000e+02   2.0651545e+00   2.9054125e-03
   8.8700000e+02   2.0652195e+00   2.9142501e-03
   8.8600000e+02   2.0652848e+00   2.9231047e-03
   8.8500000e+02   2.0653502e+00   2.9319756e-03
   8.8400000e+02   2.0654159e+00   2.9408621e-03
   8.8300000e+02   2.0654819e+00   2.9497635e-03
   8.8200000e+02   2.0655480e+00   2.9586793e-03
   8.8100000e+02   2.0656144e+00   2.9676088e-03
   8.8000000e+02   2.0656810e+00   2.9765518e-03
   8.7900000e+02   2.0657479e+00   2.9855092e-03
   8.7800000e+02   2.0658150e+00   2.9944820e-03
   8.7700000e+02   2.0658823e+00   3.0034711e-03
   8.7600000e+02   2.0659499e+00   3.0124774e-03
   8.7500000e+02   2.0660177e+00   3.0215019e-03
   8.7400000e+02   2.0660858e+00   3.0305456e-03
   8.7300000e+02   2.0661541e+00   3.0396092e-03
   8.7200000e+02   2.0662226e+00   3.0486939e-03
   8.7100000e+02   2.0662914e+00   3.0578005e-03
   8.7000000e+02   2.0663605e+00   3.0669300e-03
   8.6900000e+02   2.0664298e+00   3.0760833e-03
   8.6800000e+02   2.0664994e+00   3.0852614e-03
   8.6700000e+02   2.0665692e+00   3.0944652e-03
   8.6600000e+02   2.0666393e+00   3.1036956e-03
   8.6500000e+02   2.0667096e+00   3.1129536e-03
   8.6400000e+02   2.0667803e+00   3.1222398e-03
   8.6300000e+02   2.0668512e+00   3.1315530e-03
   8.6200000e+02   2.0669223e+00   3.1408920e-03
   8.6100000e+02   2.0669937e+00   3.1502551e-03
   8.6000000e+02   2.0670654e+00   3.1596411e-03
   8.5900000e+02   2.0671374e+00   3.1690484e-03
   8.5800000e+02   2.0672097e+00   3.1784756e-03
   8.5700000e+02   2.0672822e+00   3.1879214e-03
   8.5600000e+02   2.0673550e+00   3.1973842e-03
   8.5500000e+02   2.0674281e+00   3.2068626e-03
   8.5400000e+02   2.0675015e+00   3.2163552e-03
   8.5300000e+02   2.0675752e+00   3.2258606e-03
   8.5200000e+02   2.0676492e+00   3.2353773e-03
   8.5100000e+02   2.0677234e+00   3.2449038e-03
   8.5000000e+02   2.0677980e+00   3.2544389e-03
   8.4900000e+02   2.0678728e+00   3.2639809e-03
   8.4800000e+02   2.0679480e+00   3.2735294e-03
   8.4700000e+02   2.0680235e+00   3.2830873e-03
   8.4600000e+02   2.0680992e+00   3.2926583e-03
   8.4500000e+02   2.0681753e+00   3.3022464e-03
   8.4400000e+02   2.0682516e+00   3.3118552e-03
   8.4300000e+02   2.0683283e+00   3.3214887e-03
   8.4200000e+02   2.0684052e+00   3.3311505e-03
   8.4100000e+02   2.0684825e+00   3.3408446e-03
   8.4000000e+02   2.0685601e+00   3.3505747e-03
   8.3900000e+02   2.0686380e+00   3.3603445e-03
   8.3800000e+02   2.0687162e+00   3.3701581e-03
   8.3700000e+02   2.0687947e+00   3.3800190e-03
   8.3600000e+02   2.0688735e+00   3.3899312e-03
   8.3500000e+02   2.0689526e+00   3.3998984e-03
   8.3400000e+02   2.0690320e+00   3.4099245e-03
   8.3300000e+02   2.0691118e+00   3.4200132e-03
   8.3200000e+02   2.0691919e+00   3.4301668e-03
   8.3100000e+02   2.0692722e+00   3.4403847e-03
   8.3000000e+02   2.0693529e+00   3.4506665e-03
   8.2900000e+02   2.0694340e+00   3.4610112e-03
   8.2800000e+02   2.0695153e+00   3.4714183e-03
   8.2700000e+02   2.0695969e+00   3.4818871e-03
   8.2600000e+02   2.0696789e+00   3.4924167e-03
   8.2500000e+02   2.0697612e+00   3.5030067e-03
   8.2400000e+02   2.0698438e+00   3.5136562e-03
   8.2300000e+02   2.0699268e+00   3.5243646e-03
   8.2200000e+02   2.0700101e+00   3.5351312e-03
   8.2100000e+02   2.0700937e+00   3.5459553e-03
   8.2000000e+02   2.0701776e+00   3.5568361e-03
   8.1900000e+02   2.0702619e+00   3.5677731e-03
   8.1800000e+02   2.0703465e+00   3.5787654e-03
   8.1700000e+02   2.0704314e+00   3.5898124e-03
   8.1600000e+02   2.0705167e+00   3.6009124e-03
   8.1500000e+02   2.0706023e+00   3.6120637e-03
   8.1400000e+02   2.0706883e+00   3.6232646e-03
   8.1300000e+02   2.0707746e+00   3.6345132e-03
   8.1200000e+02   2.0708612e+00   3.6458079e-03
   8.1100000e+02   2.0709482e+00   3.6571468e-03
   8.1000000e+02   2.0710355e+00   3.6685282e-03
   8.0900000e+02   2.0711232e+00   3.6799503e-03
   8.0800000e+02   2.0712112e+00   3.6914114e-03
   8.0700000e+02   2.0712996e+00   3.7029097e-03
   8.0600000e+02   2.0713883e+00   3.7144434e-03
   8.0500000e+02   2.0714774e+00   3.7260108e-03
   8.0400000e+02   2.0715669e+00   3.7376101e-03
   8.0300000e+02   2.0716567e+00   3.7492396e-03
   8.0200000e+02   2.0717468e+00   3.7608974e-03
   8.0100000e+02   2.0718373e+00   3.7725818e-03
   8.0000000e+02   2.0719282e+00   3.7842907e-03
   7.9900000e+02   2.0720195e+00   3.7960223e-03
   7.9800000e+02   2.0721111e+00   3.8077746e-03
   7.9700000e+02   2.0722032e+00   3.8195458e-03
   7.9600000e+02   2.0722956e+00   3.8313338e-03
   7.9500000e+02   2.0723883e+00   3.8431369e-03
   7.9400000e+02   2.0724815e+00   3.8549529e-03
   7.9300000e+02   2.0725751e+00   3.8667802e-03
   7.9200000e+02   2.0726691e+00   3.8786166e-03
   7.9100000e+02   2.0727634e+00   3.8904603e-03
   7.9000000e+02   2.0728582e+00   3.9023094e-03
   7.8900000e+02   2.0729534e+00   3.9141620e-03
   7.8800000e+02   2.0730490e+00   3.9260161e-03
   7.8700000e+02   2.0731451e+00   3.9378714e-03
   7.8600000e+02   2.0732415e+00   3.9497356e-03
   7.8500000e+02   2.0733384e+00   3.9616192e-03
   7.8400000e+02   2.0734357e+00   3.9735324e-03
   7.8300000e+02   2.0735334e+00   3.9854857e-03
   7.8200000e+02   2.0736316e+00   3.9974894e-03
   7.8100000e+02   2.0737302e+00   4.0095539e-03
   7.8000000e+02   2.0738292e+00   4.0216895e-03
   7.7900000e+02   2.0739286e+00   4.0339067e-03
   7.7800000e+02   2.0740285e+00   4.0462157e-03
   7.7700000e+02   2.0741288e+00   4.0586269e-03
   7.7600000e+02   2.0742296e+00   4.0711508e-03
   7.7500000e+02   2.0743308e+00   4.0837976e-03
   7.7400000e+02   2.0744324e+00   4.0965777e-03
   7.7300000e+02   2.0745345e+00   4.1095012e-03
   7.7200000e+02   2.0746370e+00   4.1225605e-03
   7.7100000e+02   2.0747400e+00   4.1357218e-03
   7.7000000e+02   2.0748434e+00   4.1489491e-03
   7.6900000e+02   2.0749474e+00   4.1622064e-03
   7.6800000e+02   2.0750519e+00   4.1754577e-03
   7.6700000e+02   2.0751569e+00   4.1886671e-03
   7.6600000e+02   2.0752625e+00   4.2017986e-03
   7.6500000e+02   2.0753687e+00   4.2148161e-03
   7.6400000e+02   2.0754755e+00   4.2276837e-03
   7.6300000e+02   2.0755829e+00   4.2403654e-03
   7.6200000e+02   2.0756909e+00   4.2528252e-03
   7.6100000e+02   2.0757996e+00   4.2650271e-03
   7.6000000e+02   2.0759089e+00   4.2769352e-03
   7.5900000e+02   2.0760190e+00   4.2885134e-03
   7.5800000e+02   2.0761297e+00   4.2997581e-03
   7.5700000e+02   2.0762411e+00   4.3107782e-03
   7.5600000e+02   2.0763532e+00   4.3217075e-03
   7.5500000e+02   2.0764658e+00   4.3326795e-03
   7.5400000e+02   2.0765791e+00   4.3438279e-03
   7.5300000e+02   2.0766928e+00   4.3552864e-03
   7.5200000e+02   2.0768071e+00   4.3671886e-03
   7.5100000e+02   2.0769218e+00   4.3796683e-03
   7.5000000e+02   2.0770369e+00   4.3928589e-03
   7.4900000e+02   2.0771525e+00   4.4068943e-03
   7.4800000e+02   2.0772684e+00   4.4219080e-03
   7.4700000e+02   2.0773846e+00   4.4380337e-03
   7.4600000e+02   2.0775012e+00   4.4554051e-03
   7.4500000e+02   2.0776179e+00   4.4741558e-03
   7.4400000e+02   2.0777350e+00   4.4943494e-03
   7.4300000e+02   2.0778522e+00   4.5157756e-03
   7.4200000e+02   2.0779698e+00   4.5381572e-03
   7.4100000e+02   2.0780878e+00   4.5612173e-03
   7.4000000e+02   2.0782062e+00   4.5846788e-03
   7.3900000e+02   2.0783251e+00   4.6082645e-03
   7.3800000e+02   2.0784445e+00   4.6316974e-03
   7.3700000e+02   2.0785644e+00   4.6547004e-03
   7.3600000e+02   2.0786850e+00   4.6769963e-03
   7.3500000e+02   2.0788062e+00   4.6983082e-03
   7.3400000e+02   2.0789282e+00   4.7183590e-03
   7.3300000e+02   2.0790509e+00   4.7368715e-03
   7.3200000e+02   2.0791744e+00   4.7535686e-03
   7.3100000e+02   2.0792988e+00   4.7681748e-03
   7.3000000e+02   2.0794241e+00   4.7806255e-03
   7.2900000e+02   2.0795503e+00   4.7912886e-03
   7.2800000e+02   2.0796773e+00   4.8005849e-03
   7.2700000e+02   2.0798051e+00   4.8089349e-03
   7.2600000e+02   2.0799338e+00   4.8167595e-03
   7.2500000e+02   2.0800632e+00   4.8244793e-03
   7.2400000e+02   2.0801934e+00   4.8325150e-03
   7.2300000e+02   2.0803244e+00   4.8412874e-03
   7.2200000e+02   2.0804561e+00   4.8512171e-03
   7.2100000e+02   2.0805885e+00   4.8627250e-03
   7.2000000e+02   2.0807215e+00   4.8762315e-03
   7.1900000e+02   2.0808553e+00   4.8921576e-03
   7.1800000e+02   2.0809896e+00   4.9109239e-03
   7.1700000e+02   2.0811246e+00   4.9329021e-03
   7.1600000e+02   2.0812602e+00   4.9579723e-03
   7.1500000e+02   2.0813963e+00   4.9857307e-03
   7.1400000e+02   2.0815330e+00   5.0157701e-03
   7.1300000e+02   2.0816701e+00   5.0476833e-03
   7.1200000e+02   2.0818077e+00   5.0810630e-03
   7.1100000e+02   2.0819457e+00   5.1155021e-03
   7.1000000e+02   2.0820840e+00   5.1505933e-03
   7.0900000e+02   2.0822227e+00   5.1859295e-03
   7.0800000e+02   2.0823617e+00   5.2211033e-03
   7.0700000e+02   2.0825010e+00   5.2557075e-03
   7.0600000e+02   2.0826405e+00   5.2893350e-03
   7.0500000e+02   2.0827801e+00   5.3215786e-03
   7.0400000e+02   2.0829200e+00   5.3520412e-03
   7.0300000e+02   2.0830600e+00   5.3806522e-03
   7.0200000e+02   2.0832001e+00   5.4077265e-03
   7.0100000e+02   2.0833403e+00   5.4336012e-03
   7.0000000e+02   2.0834807e+00   5.4586135e-03
   6.9900000e+02   2.0836212e+00   5.4831005e-03
   6.9800000e+02   2.0837618e+00   5.5073994e-03
   6.9700000e+02   2.0839025e+00   5.5318473e-03
   6.9600000e+02   2.0840433e+00   5.5567814e-03
   6.9500000e+02   2.0841842e+00   5.5825388e-03
   6.9400000e+02   2.0843252e+00   5.6094567e-03
   6.9300000e+02   2.0844663e+00   5.6378723e-03
   6.9200000e+02   2.0846075e+00   5.6681226e-03
   6.9100000e+02   2.0847488e+00   5.7005351e-03
   6.9000000e+02   2.0848902e+00   5.7350808e-03
   6.8900000e+02   2.0850317e+00   5.7712780e-03
   6.8800000e+02   2.0851736e+00   5.8086160e-03
   6.8700000e+02   2.0853157e+00   5.8465840e-03
   6.8600000e+02   2.0854583e+00   5.8846714e-03
   6.8500000e+02   2.0856013e+00   5.9223672e-03
   6.8400000e+02   2.0857448e+00   5.9591609e-03
   6.8300000e+02   2.0858890e+00   5.9945416e-03
   6.8200000e+02   2.0860338e+00   6.0279986e-03
   6.8100000e+02   2.0861794e+00   6.0590211e-03
   6.8000000e+02   2.0863259e+00   6.0870984e-03
   6.7900000e+02   2.0864732e+00   6.1117198e-03
   6.7800000e+02   2.0866215e+00   6.1324193e-03
   6.7700000e+02   2.0867708e+00   6.1493430e-03
   6.7600000e+02   2.0869212e+00   6.1630810e-03
   6.7500000e+02   2.0870728e+00   6.1742329e-03
   6.7400000e+02   2.0872255e+00   6.1833986e-03
   6.7300000e+02   2.0873794e+00   6.1911779e-03
   6.7200000e+02   2.0875346e+00   6.1981705e-03
   6.7100000e+02   2.0876911e+00   6.2049761e-03
   6.7000000e+02   2.0878490e+00   6.2121947e-03
   6.6900000e+02   2.0880082e+00   6.2204259e-03
   6.6800000e+02   2.0881690e+00   6.2302696e-03
   6.6700000e+02   2.0883312e+00   6.2423256e-03
   6.6600000e+02   2.0884950e+00   6.2571935e-03
   6.6500000e+02   2.0886604e+00   6.2752755e-03
   6.6400000e+02   2.0888273e+00   6.2963386e-03
   6.6300000e+02   2.0889955e+00   6.3200219e-03
   6.6200000e+02   2.0891651e+00   6.3459647e-03
   6.6100000e+02   2.0893359e+00   6.3738063e-03
   6.6000000e+02   2.0895079e+00   6.4031860e-03
   6.5900000e+02   2.0896808e+00   6.4337431e-03
   6.5800000e+02   2.0898547e+00   6.4651168e-03
   6.5700000e+02   2.0900295e+00   6.4969465e-03
   6.5600000e+02   2.0902050e+00   6.5288714e-03
   6.5500000e+02   2.0903811e+00   6.5605308e-03
   6.5400000e+02   2.0905578e+00   6.5915639e-03
   6.5300000e+02   2.0907350e+00   6.6216446e-03
   6.5200000e+02   2.0909127e+00   6.6507404e-03
   6.5100000e+02   2.0910909e+00   6.6789678e-03
   6.5000000e+02   2.0912698e+00   6.7064445e-03
   6.4900000e+02   2.0914495e+00   6.7332882e-03
   6.4800000e+02   2.0916298e+00   6.7596165e-03
   6.4700000e+02   2.0918111e+00   6.7855470e-03
   6.4600000e+02   2.0919932e+00   6.8111974e-03
   6.4500000e+02   2.0921764e+00   6.8366854e-03
   6.4400000e+02   2.0923606e+00   6.8621286e-03
   6.4300000e+02   2.0925459e+00   6.8876446e-03
   6.4200000e+02   2.0927324e+00   6.9133512e-03
   6.4100000e+02   2.0929202e+00   6.9393622e-03
   6.4000000e+02   2.0931093e+00   6.9657478e-03
   6.3900000e+02   2.0932996e+00   6.9925502e-03
   6.3800000e+02   2.0934911e+00   7.0198109e-03
   6.3700000e+02   2.0936837e+00   7.0475714e-03
   6.3600000e+02   2.0938775e+00   7.0758734e-03
   6.3500000e+02   2.0940723e+00   7.1047584e-03
   6.3400000e+02   2.0942683e+00   7.1342680e-03
   6.3300000e+02   2.0944652e+00   7.1644438e-03
   6.3200000e+02   2.0946631e+00   7.1953272e-03
   6.3100000e+02   2.0948620e+00   7.2269600e-03
   6.3000000e+02   2.0950617e+00   7.2593837e-03
   6.2900000e+02   2.0952624e+00   7.2926210e-03
   6.2800000e+02   2.0954639e+00   7.3265551e-03
   6.2700000e+02   2.0956664e+00   7.3610064e-03
   6.2600000e+02   2.0958699e+00   7.3957951e-03
   6.2500000e+02   2.0960745e+00   7.4307413e-03
   6.2400000e+02   2.0962801e+00   7.4656651e-03
   6.2300000e+02   2.0964868e+00   7.5003868e-03
   6.2200000e+02   2.0966947e+00   7.5347263e-03
   6.2100000e+02   2.0969037e+00   7.5685039e-03
   6.2000000e+02   2.0971141e+00   7.6015397e-03
   6.1900000e+02   2.0973257e+00   7.6336538e-03
   6.1800000e+02   2.0975387e+00   7.6646666e-03
   6.1700000e+02   2.0977530e+00   7.6944929e-03
   6.1600000e+02   2.0979688e+00   7.7232884e-03
   6.1500000e+02   2.0981861e+00   7.7512464e-03
   6.1400000e+02   2.0984050e+00   7.7785604e-03
   6.1300000e+02   2.0986256e+00   7.8054238e-03
   6.1200000e+02   2.0988478e+00   7.8320300e-03
   6.1100000e+02   2.0990719e+00   7.8585725e-03
   6.1000000e+02   2.0992977e+00   7.8852446e-03
   6.0900000e+02   2.0995255e+00   7.9122398e-03
   6.0800000e+02   2.0997552e+00   7.9397516e-03
   6.0700000e+02   2.0999870e+00   7.9679733e-03
   6.0600000e+02   2.1002208e+00   7.9970930e-03
   6.0500000e+02   2.1004567e+00   8.0272478e-03
   6.0400000e+02   2.1006945e+00   8.0585461e-03
   6.0300000e+02   2.1009342e+00   8.0910962e-03
   6.0200000e+02   2.1011756e+00   8.1250064e-03
   6.0100000e+02   2.1014187e+00   8.1603847e-03
   6.0000000e+02   2.1016633e+00   8.1973396e-03
   5.9900000e+02   2.1019093e+00   8.2359790e-03
   5.9800000e+02   2.1021567e+00   8.2764114e-03
   5.9700000e+02   2.1024053e+00   8.3187449e-03
   5.9600000e+02   2.1026550e+00   8.3630877e-03
   5.9500000e+02   2.1029058e+00   8.4095391e-03
   5.9400000e+02   2.1031575e+00   8.4579929e-03
   5.9300000e+02   2.1034103e+00   8.5081379e-03
   5.9200000e+02   2.1036641e+00   8.5596542e-03
   5.9100000e+02   2.1039190e+00   8.6122219e-03
   5.9000000e+02   2.1041749e+00   8.6655209e-03
   5.8900000e+02   2.1044320e+00   8.7192312e-03
   5.8800000e+02   2.1046902e+00   8.7730330e-03
   5.8700000e+02   2.1049495e+00   8.8266062e-03
   5.8600000e+02   2.1052101e+00   8.8796308e-03
   5.8500000e+02   2.1054718e+00   8.9317869e-03
   5.8400000e+02   2.1057347e+00   8.9827652e-03
   5.8300000e+02   2.1059990e+00   9.0325154e-03
   5.8200000e+02   2.1062645e+00   9.0812538e-03
   5.8100000e+02   2.1065316e+00   9.1292089e-03
   5.8000000e+02   2.1068001e+00   9.1766091e-03
   5.7900000e+02   2.1070703e+00   9.2236829e-03
   5.7800000e+02   2.1073421e+00   9.2706587e-03
   5.7700000e+02   2.1076158e+00   9.3177651e-03
   5.7600000e+02   2.1078912e+00   9.3652305e-03
   5.7500000e+02   2.1081687e+00   9.4132834e-03
   5.7400000e+02   2.1084481e+00   9.4621523e-03
   5.7300000e+02   2.1087297e+00   9.5120528e-03
   5.7200000e+02   2.1090134e+00   9.5630588e-03
   5.7100000e+02   2.1092991e+00   9.6151557e-03
   5.7000000e+02   2.1095869e+00   9.6683278e-03
   5.6900000e+02   2.1098766e+00   9.7225593e-03
   5.6800000e+02   2.1101683e+00   9.7778343e-03
   5.6700000e+02   2.1104619e+00   9.8341371e-03
   5.6600000e+02   2.1107573e+00   9.8914519e-03
   5.6500000e+02   2.1110546e+00   9.9497627e-03
   5.6400000e+02   2.1113536e+00   1.0009054e-02
   5.6300000e+02   2.1116544e+00   1.0069310e-02
   5.6200000e+02   2.1119569e+00   1.0130513e-02
   5.6100000e+02   2.1122611e+00   1.0192642e-02
   5.6000000e+02   2.1125669e+00   1.0255674e-02
   5.5900000e+02   2.1128745e+00   1.0319588e-02
   5.5800000e+02   2.1131838e+00   1.0384361e-02
   5.5700000e+02   2.1134948e+00   1.0449970e-02
   5.5600000e+02   2.1138075e+00   1.0516394e-02
   5.5500000e+02   2.1141219e+00   1.0583609e-02
   5.5400000e+02   2.1144380e+00   1.0651594e-02
   5.5300000e+02   2.1147559e+00   1.0720326e-02
   5.5200000e+02   2.1150755e+00   1.0789778e-02
   5.5100000e+02   2.1153969e+00   1.0859852e-02
   5.5000000e+02   2.1157202e+00   1.0930410e-02
   5.4900000e+02   2.1160455e+00   1.1001309e-02
   5.4800000e+02   2.1163729e+00   1.1072408e-02
   5.4700000e+02   2.1167025e+00   1.1143565e-02
   5.4600000e+02   2.1170344e+00   1.1214639e-02
   5.4500000e+02   2.1173687e+00   1.1285489e-02
   5.4400000e+02   2.1177056e+00   1.1355972e-02
   5.4300000e+02   2.1180450e+00   1.1425949e-02
   5.4200000e+02   2.1183872e+00   1.1495285e-02
   5.4100000e+02   2.1187322e+00   1.1564128e-02
   5.4000000e+02   2.1190798e+00   1.1632948e-02
   5.3900000e+02   2.1194301e+00   1.1702236e-02
   5.3800000e+02   2.1197830e+00   1.1772485e-02
   5.3700000e+02   2.1201384e+00   1.1844185e-02
   5.3600000e+02   2.1204963e+00   1.1917827e-02
   5.3500000e+02   2.1208567e+00   1.1993902e-02
   5.3400000e+02   2.1212194e+00   1.2072901e-02
   5.3300000e+02   2.1215845e+00   1.2155315e-02
   5.3200000e+02   2.1219518e+00   1.2241624e-02
   5.3100000e+02   2.1223213e+00   1.2331888e-02
   5.3000000e+02   2.1226930e+00   1.2425634e-02
   5.2900000e+02   2.1230667e+00   1.2522352e-02
   5.2800000e+02   2.1234426e+00   1.2621532e-02
   5.2700000e+02   2.1238204e+00   1.2722667e-02
   5.2600000e+02   2.1242001e+00   1.2825246e-02
   5.2500000e+02   2.1245817e+00   1.2928761e-02
   5.2400000e+02   2.1249652e+00   1.3032703e-02
   5.2300000e+02   2.1253504e+00   1.3136562e-02
   5.2200000e+02   2.1257373e+00   1.3239853e-02
   5.2100000e+02   2.1261259e+00   1.3342487e-02
   5.2000000e+02   2.1265164e+00   1.3444714e-02
   5.1900000e+02   2.1269089e+00   1.3546797e-02
   5.1800000e+02   2.1273034e+00   1.3648997e-02
   5.1700000e+02   2.1277001e+00   1.3751576e-02
   5.1600000e+02   2.1280991e+00   1.3854795e-02
   5.1500000e+02   2.1285005e+00   1.3958918e-02
   5.1400000e+02   2.1289045e+00   1.4064204e-02
   5.1300000e+02   2.1293110e+00   1.4170917e-02
   5.1200000e+02   2.1297202e+00   1.4279270e-02
   5.1100000e+02   2.1301322e+00   1.4389214e-02
   5.1000000e+02   2.1305470e+00   1.4500611e-02
   5.0900000e+02   2.1309647e+00   1.4613326e-02
   5.0800000e+02   2.1313853e+00   1.4727219e-02
   5.0700000e+02   2.1318088e+00   1.4842153e-02
   5.0600000e+02   2.1322352e+00   1.4957991e-02
   5.0500000e+02   2.1326647e+00   1.5074596e-02
   5.0400000e+02   2.1330972e+00   1.5191829e-02
   5.0300000e+02   2.1335328e+00   1.5309559e-02
   5.0200000e+02   2.1339715e+00   1.5427866e-02
   5.0100000e+02   2.1344133e+00   1.5547098e-02
   5.0000000e+02   2.1348580e+00   1.5667618e-02
   4.9900000e+02   2.1353056e+00   1.5789790e-02
   4.9800000e+02   2.1357561e+00   1.5913978e-02
   4.9700000e+02   2.1362094e+00   1.6040546e-02
   4.9600000e+02   2.1366655e+00   1.6169857e-02
   4.9500000e+02   2.1371242e+00   1.6302277e-02
   4.9400000e+02   2.1375856e+00   1.6438168e-02
   4.9300000e+02   2.1380496e+00   1.6577705e-02
   4.9200000e+02   2.1385163e+00   1.6720504e-02
   4.9100000e+02   2.1389855e+00   1.6866081e-02
   4.9000000e+02   2.1394575e+00   1.7013950e-02
   4.8900000e+02   2.1399321e+00   1.7163626e-02
   4.8800000e+02   2.1404094e+00   1.7314623e-02
   4.8700000e+02   2.1408895e+00   1.7466455e-02
   4.8600000e+02   2.1413723e+00   1.7618638e-02
   4.8500000e+02   2.1418580e+00   1.7770687e-02
   4.8400000e+02   2.1423464e+00   1.7922248e-02
   4.8300000e+02   2.1428377e+00   1.8073559e-02
   4.8200000e+02   2.1433320e+00   1.8225023e-02
   4.8100000e+02   2.1438294e+00   1.8377041e-02
   4.8000000e+02   2.1443299e+00   1.8530015e-02
   4.7900000e+02   2.1448335e+00   1.8684348e-02
   4.7800000e+02   2.1453404e+00   1.8840441e-02
   4.7700000e+02   2.1458507e+00   1.8998695e-02
   4.7600000e+02   2.1463645e+00   1.9159513e-02
   4.7500000e+02   2.1468817e+00   1.9323186e-02
   4.7400000e+02   2.1474024e+00   1.9489553e-02
   4.7300000e+02   2.1479267e+00   1.9658343e-02
   4.7200000e+02   2.1484546e+00   1.9829283e-02
   4.7100000e+02   2.1489861e+00   2.0002099e-02
   4.7000000e+02   2.1495213e+00   2.0176520e-02
   4.6900000e+02   2.1500601e+00   2.0352272e-02
   4.6800000e+02   2.1506026e+00   2.0529083e-02
   4.6700000e+02   2.1511488e+00   2.0706681e-02
   4.6600000e+02   2.1516988e+00   2.0884950e-02
   4.6500000e+02   2.1522526e+00   2.1064127e-02
   4.6400000e+02   2.1528102e+00   2.1244497e-02
   4.6300000e+02   2.1533717e+00   2.1426347e-02
   4.6200000e+02   2.1539372e+00   2.1609962e-02
   4.6100000e+02   2.1545066e+00   2.1795628e-02
   4.6000000e+02   2.1550801e+00   2.1983630e-02
   4.5900000e+02   2.1556577e+00   2.2174254e-02
   4.5800000e+02   2.1562394e+00   2.2367773e-02
   4.5700000e+02   2.1568252e+00   2.2564229e-02
   4.5600000e+02   2.1574153e+00   2.2763464e-02
   4.5500000e+02   2.1580096e+00   2.2965312e-02
   4.5400000e+02   2.1586081e+00   2.3169609e-02
   4.5300000e+02   2.1592109e+00   2.3376190e-02
   4.5200000e+02   2.1598180e+00   2.3584891e-02
   4.5100000e+02   2.1604295e+00   2.3795547e-02
   4.5000000e+02   2.1610453e+00   2.4007992e-02
   4.4900000e+02   2.1616656e+00   2.4222148e-02
   4.4800000e+02   2.1622901e+00   2.4438212e-02
   4.4700000e+02   2.1629191e+00   2.4656434e-02
   4.4600000e+02   2.1635524e+00   2.4877066e-02
   4.4500000e+02   2.1641901e+00   2.5100359e-02
   4.4400000e+02   2.1648321e+00   2.5326563e-02
   4.4300000e+02   2.1654784e+00   2.5555931e-02
   4.4200000e+02   2.1661290e+00   2.5788713e-02
   4.4100000e+02   2.1667839e+00   2.6025116e-02
   4.4000000e+02   2.1674432e+00   2.6264969e-02
   4.3900000e+02   2.1681069e+00   2.6507907e-02
   4.3800000e+02   2.1687752e+00   2.6753562e-02
   4.3700000e+02   2.1694481e+00   2.7001569e-02
   4.3600000e+02   2.1701256e+00   2.7251559e-02
   4.3500000e+02   2.1708080e+00   2.7503166e-02
   4.3400000e+02   2.1714953e+00   2.7756023e-02
   4.3300000e+02   2.1721875e+00   2.8009782e-02
   4.3200000e+02   2.1728848e+00   2.8264403e-02
   4.3100000e+02   2.1735875e+00   2.8520092e-02
   4.3000000e+02   2.1742956e+00   2.8777064e-02
   4.2900000e+02   2.1750096e+00   2.9035533e-02
   4.2800000e+02   2.1757294e+00   2.9295713e-02
   4.2700000e+02   2.1764554e+00   2.9557819e-02
   4.2600000e+02   2.1771877e+00   2.9822065e-02
   4.2500000e+02   2.1779265e+00   3.0088672e-02
   4.2400000e+02   2.1786719e+00   3.0358004e-02
   4.2300000e+02   2.1794238e+00   3.0630542e-02
   4.2200000e+02   2.1801819e+00   3.0906769e-02
   4.2100000e+02   2.1809463e+00   3.1187172e-02
   4.2000000e+02   2.1817168e+00   3.1472234e-02
   4.1900000e+02   2.1824932e+00   3.1762440e-02
   4.1800000e+02   2.1832755e+00   3.2058275e-02
   4.1700000e+02   2.1840635e+00   3.2360148e-02
   4.1600000e+02   2.1848573e+00   3.2667657e-02
   4.1500000e+02   2.1856569e+00   3.2979919e-02
   4.1400000e+02   2.1864626e+00   3.3296042e-02
   4.1300000e+02   2.1872744e+00   3.3615135e-02
   4.1200000e+02   2.1880925e+00   3.3936308e-02
   4.1100000e+02   2.1889170e+00   3.4258668e-02
   4.1000000e+02   2.1897480e+00   3.4581325e-02
   4.0900000e+02   2.1905856e+00   3.4903646e-02
   4.0800000e+02   2.1914301e+00   3.5226131e-02
   4.0700000e+02   2.1922817e+00   3.5549587e-02
   4.0600000e+02   2.1931407e+00   3.5874823e-02
   4.0500000e+02   2.1940074e+00   3.6202648e-02
   4.0400000e+02   2.1948819e+00   3.6533869e-02
   4.0300000e+02   2.1957646e+00   3.6869297e-02
   4.0200000e+02   2.1966558e+00   3.7209726e-02
   4.0100000e+02   2.1975555e+00   3.7555434e-02
   4.0000000e+02   2.1984640e+00   3.7906003e-02
   3.9900000e+02   2.1993815e+00   3.8260967e-02
   3.9800000e+02   2.2003081e+00   3.8619859e-02
   3.9700000e+02   2.2012440e+00   3.8982213e-02
   3.9600000e+02   2.2021892e+00   3.9347563e-02
   3.9500000e+02   2.2031441e+00   3.9715441e-02
   3.9400000e+02   2.2041087e+00   4.0085632e-02
   3.9300000e+02   2.2050829e+00   4.0459097e-02
   3.9200000e+02   2.2060666e+00   4.0837141e-02
   3.9100000e+02   2.2070595e+00   4.1221069e-02
   3.9000000e+02   2.2080617e+00   4.1612188e-02
   3.8900000e+02   2.2090728e+00   4.2011802e-02
   3.8800000e+02   2.2100928e+00   4.2421216e-02
   3.8700000e+02   2.2111214e+00   4.2841609e-02
   3.8600000e+02   2.2121588e+00   4.3272522e-02
   3.8500000e+02   2.2132047e+00   4.3712379e-02
   3.8400000e+02   2.2142594e+00   4.4159577e-02
   3.8300000e+02   2.2153226e+00   4.4612517e-02
   3.8200000e+02   2.2163946e+00   4.5069599e-02
   3.8100000e+02   2.2174752e+00   4.5529221e-02
   3.8000000e+02   2.2185645e+00   4.5989831e-02
   3.7900000e+02   2.2196626e+00   4.6451135e-02
   3.7800000e+02   2.2207699e+00   4.6914179e-02
   3.7700000e+02   2.2218866e+00   4.7380072e-02
   3.7600000e+02   2.2230131e+00   4.7849928e-02
   3.7500000e+02   2.2241498e+00   4.8324857e-02
   3.7400000e+02   2.2252968e+00   4.8805972e-02
   3.7300000e+02   2.2264546e+00   4.9294348e-02
   3.7200000e+02   2.2276235e+00   4.9790025e-02
   3.7100000e+02   2.2288039e+00   5.0291817e-02
   3.7000000e+02   2.2299961e+00   5.0798471e-02
   3.6900000e+02   2.2312006e+00   5.1308734e-02
   3.6800000e+02   2.2324178e+00   5.1821351e-02
   3.6700000e+02   2.2336479e+00   5.2335070e-02
   3.6600000e+02   2.2348915e+00   5.2848699e-02
   3.6500000e+02   2.2361490e+00   5.3362317e-02
   3.6400000e+02   2.2374210e+00   5.3877160e-02
   3.6300000e+02   2.2387080e+00   5.4394510e-02
   3.6200000e+02   2.2400106e+00   5.4915647e-02
   3.6100000e+02   2.2413295e+00   5.5441853e-02
   3.6000000e+02   2.2426651e+00   5.5974409e-02
   3.5900000e+02   2.2440182e+00   5.6514469e-02
   3.5800000e+02   2.2453891e+00   5.7062107e-02
   3.5700000e+02   2.2467784e+00   5.7616847e-02
   3.5600000e+02   2.2481867e+00   5.8178207e-02
   3.5500000e+02   2.2496146e+00   5.8745709e-02
   3.5400000e+02   2.2510624e+00   5.9318871e-02
   3.5300000e+02   2.2525307e+00   5.9897215e-02
   3.5200000e+02   2.2540194e+00   6.0481501e-02
   3.5100000e+02   2.2555262e+00   6.1076150e-02
   3.5000000e+02   2.2570483e+00   6.1686258e-02
   3.4900000e+02   2.2585832e+00   6.2316920e-02
   3.4800000e+02   2.2601280e+00   6.2973231e-02
   3.4700000e+02   2.2616801e+00   6.3660285e-02
   3.4600000e+02   2.2632372e+00   6.4382365e-02
   3.4500000e+02   2.2648014e+00   6.5130104e-02
   3.4400000e+02   2.2663789e+00   6.5882833e-02
   3.4300000e+02   2.2679760e+00   6.6619542e-02
   3.4200000e+02   2.2695988e+00   6.7319218e-02
   3.4100000e+02   2.2712537e+00   6.7960851e-02
   3.4000000e+02   2.2729469e+00   6.8523462e-02
   3.3900000e+02   2.2746853e+00   6.8997625e-02
   3.3800000e+02   2.2764778e+00   6.9402531e-02
   3.3700000e+02   2.2783335e+00   6.9761725e-02
   3.3600000e+02   2.2802614e+00   7.0098752e-02
   3.3500000e+02   2.2822706e+00   7.0437158e-02
   3.3400000e+02   2.2843703e+00   7.0800489e-02
   3.3300000e+02   2.2865660e+00   7.1213112e-02
   3.3200000e+02   2.2888440e+00   7.1704247e-02
   3.3100000e+02   2.2911829e+00   7.2304885e-02
   3.3000000e+02   2.2935616e+00   7.3046020e-02
   3.2900000e+02   2.2959589e+00   7.3958645e-02
   3.2800000e+02   2.2983535e+00   7.5073753e-02
   3.2700000e+02   2.3007258e+00   7.6416160e-02
   3.2600000e+02   2.3030706e+00   7.7946452e-02
   3.2500000e+02   2.3053914e+00   7.9587119e-02
   3.2400000e+02   2.3076920e+00   8.1260152e-02
   3.2300000e+02   2.3099760e+00   8.2887540e-02
   3.2200000e+02   2.3122473e+00   8.4391274e-02
   3.2100000e+02   2.3145104e+00   8.5698543e-02
   3.2000000e+02   2.3167844e+00   8.6803757e-02
   3.1900000e+02   2.3190978e+00   8.7748127e-02
   3.1800000e+02   2.3214795e+00   8.8573816e-02
   3.1700000e+02   2.3239584e+00   8.9322984e-02
   3.1600000e+02   2.3265634e+00   9.0037794e-02
   3.1500000e+02   2.3293196e+00   9.0762141e-02
   3.1400000e+02   2.3322135e+00   9.1558465e-02
   3.1300000e+02   2.3352084e+00   9.2500445e-02
   3.1200000e+02   2.3382670e+00   9.3661915e-02
   3.1100000e+02   2.3413520e+00   9.5116711e-02
   3.1000000e+02   2.3444262e+00   9.6938668e-02
   3.0900000e+02   2.3474565e+00   9.9178831e-02
   3.0800000e+02   2.3504352e+00   1.0174533e-01
   3.0700000e+02   2.3533649e+00   1.0449104e-01
   3.0600000e+02   2.3562478e+00   1.0726869e-01
   3.0500000e+02   2.3590864e+00   1.0993102e-01
   3.0400000e+02   2.3618830e+00   1.1233084e-01
   3.0300000e+02   2.3646468e+00   1.1437843e-01
   3.0200000e+02   2.3674056e+00   1.1614410e-01
   3.0100000e+02   2.3701902e+00   1.1772586e-01
   3.0000000e+02   2.3730318e+00   1.1922171e-01
   2.9900000e+02   2.3759614e+00   1.2072964e-01
   2.9800000e+02   2.3790091e+00   1.2234516e-01
   2.9700000e+02   2.3821848e+00   1.2410554e-01
   2.9600000e+02   2.3854781e+00   1.2598954e-01
   2.9500000e+02   2.3888777e+00   1.2797334e-01
   2.9400000e+02   2.3923722e+00   1.3003314e-01
   2.9300000e+02   2.3959504e+00   1.3214513e-01
   2.9200000e+02   2.3996042e+00   1.3428991e-01
   2.9100000e+02   2.4033396e+00   1.3646701e-01
   2.9000000e+02   2.4071662e+00   1.3868096e-01
   2.8900000e+02   2.4110937e+00   1.4093633e-01
   2.8800000e+02   2.4151317e+00   1.4323767e-01
   2.8700000e+02   2.4192898e+00   1.4559001e-01
   2.8600000e+02   2.4235746e+00   1.4800663e-01
   2.8500000e+02   2.4279901e+00   1.5050788e-01
   2.8400000e+02   2.4325405e+00   1.5311433e-01
   2.8300000e+02   2.4372296e+00   1.5584656e-01
   2.8200000e+02   2.4420617e+00   1.5872514e-01
   2.8100000e+02   2.4470381e+00   1.6176937e-01
   2.8000000e+02   2.4521555e+00   1.6499611e-01
   2.7900000e+02   2.4574101e+00   1.6842190e-01
   2.7800000e+02   2.4627978e+00   1.7206329e-01
   2.7700000e+02   2.4683147e+00   1.7593683e-01
   2.7600000e+02   2.4739556e+00   1.8005999e-01
   2.7500000e+02   2.4797098e+00   1.8445370e-01
   2.7400000e+02   2.4855654e+00   1.8913971e-01
   2.7300000e+02   2.4915107e+00   1.9413975e-01
   2.7200000e+02   2.4975338e+00   1.9947557e-01
   2.7100000e+02   2.5036220e+00   2.0516759e-01
   2.7000000e+02   2.5097578e+00   2.1122912e-01
   2.6900000e+02   2.5159223e+00   2.1767107e-01
   2.6800000e+02   2.5220962e+00   2.2450432e-01
   2.6700000e+02   2.5282605e+00   2.3173977e-01
   2.6600000e+02   2.5343954e+00   2.3938832e-01
   2.6500000e+02   2.5404765e+00   2.4746080e-01
   2.6400000e+02   2.5464777e+00   2.5596803e-01
   2.6300000e+02   2.5523730e+00   2.6492083e-01
   2.6200000e+02   2.5581363e+00   2.7433002e-01
   2.6100000e+02   2.5637415e+00   2.8420275e-01
   2.6000000e+02   2.5691630e+00   2.9452845e-01
   2.5900000e+02   2.5743751e+00   3.0529114e-01
   2.5800000e+02   2.5793521e+00   3.1647486e-01
   2.5700000e+02   2.5840683e+00   3.2806367e-01
   2.5600000e+02   2.5884978e+00   3.4004354e-01
   2.5500000e+02   2.5926141e+00   3.5240645e-01
   2.5400000e+02   2.5963903e+00   3.6514546e-01
   2.5300000e+02   2.5997997e+00   3.7825365e-01
   2.5200000e+02   2.6028160e+00   3.9172351e-01
   2.5100000e+02   2.6054315e+00   4.0551244e-01
   2.5000000e+02   2.6076672e+00   4.1952414e-01
   2.4900000e+02   2.6095465e+00   4.3365780e-01
   2.4800000e+02   2.6110930e+00   4.4781257e-01
   2.4700000e+02   2.6123292e+00   4.6189965e-01
   2.4600000e+02   2.6132680e+00   4.7596757e-01
   2.4500000e+02   2.6139160e+00   4.9015247e-01
   2.4400000e+02   2.6142796e+00   5.0459194e-01
   2.4300000e+02   2.6143655e+00   5.1942350e-01
   2.4200000e+02   2.6141577e+00   5.3476103e-01
   2.4100000e+02   2.6135722e+00   5.5064615e-01
   2.4000000e+02   2.6125121e+00   5.6710674e-01
   2.3900000e+02   2.6108804e+00   5.8417070e-01
   2.3800000e+02   2.6085823e+00   6.0185822e-01
   2.3700000e+02   2.6055585e+00   6.2007241e-01
   2.3600000e+02   2.6017769e+00   6.3862532e-01
   2.3500000e+02   2.5972060e+00   6.5732660e-01
   2.3400000e+02   2.5918146e+00   6.7598618e-01
   2.3300000e+02   2.5855694e+00   6.9449102e-01
   2.3200000e+02   2.5784325e+00   7.1290826e-01
   2.3100000e+02   2.5703656e+00   7.3133080e-01
   2.3000000e+02   2.5613302e+00   7.4985156e-01
   2.2900000e+02   2.5512969e+00   7.6851393e-01
   2.2800000e+02   2.5402932e+00   7.8705183e-01
   2.2700000e+02   2.5283683e+00   8.0507982e-01
   2.2600000e+02   2.5155716e+00   8.2221222e-01
   2.2500000e+02   2.5019562e+00   8.3808282e-01
   2.2400000e+02   2.4876289e+00   8.5261427e-01
   2.2300000e+02   2.4727384e+00   8.6595049e-01
   2.2200000e+02   2.4574342e+00   8.7824100e-01
   2.2100000e+02   2.4418640e+00   8.8963416e-01
   2.2000000e+02   2.4261184e+00   9.0024015e-01
   2.1900000e+02   2.4102190e+00   9.1012329e-01
   2.1800000e+02   2.3941834e+00   9.1934520e-01
   2.1700000e+02   2.3780292e+00   9.2796695e-01
   2.1600000e+02   2.3617735e+00   9.3601805e-01
   2.1500000e+02   2.3454323e+00   9.4347927e-01
   2.1400000e+02   2.3290216e+00   9.5032723e-01
   2.1300000e+02   2.3125575e+00   9.5653900e-01
   2.1200000e+02   2.2960504e+00   9.6212201e-01
   2.1100000e+02   2.2795024e+00   9.6713304e-01
   2.1000000e+02   2.2629146e+00   9.7163339e-01
   2.0900000e+02   2.2462882e+00   9.7568316e-01
   2.0800000e+02   2.2296255e+00   9.7928678e-01
   2.0700000e+02   2.2129307e+00   9.8237066e-01
   2.0600000e+02   2.1962081e+00   9.8485536e-01
   2.0500000e+02   2.1794627e+00   9.8666294e-01
   2.0400000e+02   2.1627146e+00   9.8775002e-01
   2.0300000e+02   2.1459997e+00   9.8810786e-01
   2.0200000e+02   2.1293542e+00   9.8772925e-01
   2.0100000e+02   2.1128280e+00   9.8659074e-01
   2.0000000e+02   2.0966097e+00   9.8450097e-01
